(┌                                                                                                                                                                                                                                                                                                                                                                                                                                                                                                                                             ┐
│  65  66  67  68  69  70  71  72  73  74  75  76  77  78  79  80  81  82  83  84  85  86  87  88  89  90  91  92  93  94  95  96  97  98  99 100 101 102 103 104 105 106 107 108 109 110 111 112 113 114 115 116 117 118 119 120 121 122 123 124 125 126 127 128 129 130 131 132 133 134 135 136 137 138 139 140 141 142 143 144 145 146 147 148 149 150 151 152 153 154 155 156 157 158 159 160 161 162 163 164 165 166 167 168 169 170 171 172 173 174 175 176 177 178 179 180 181 182 183 184 185 186 187 188 189 190 191 192 193 194 195 │
│  64  65  66  67  68  69  70  71  72  73  74  75  76  77  78   #  80  81  82  83  84   #  86  87  88   #  90  91  92  93  94  95   #  97  98  99 100 101 102 103 104 105 106 107 108 109 110 111   # 113 114 115 116 117   # 119 120 121   # 123 124 125 126 127 128 129 130 131 132 133   # 135 136   # 138 139 140 141   #   # 144   # 146 147   # 149 150 151 152 153 154 155 156 157   # 159 160 161 162 163 164 165 166 167 168 169 170 171 172   # 174 175 176 177 178 179 180 181 182 183 184   # 186 187   # 189 190 191 192 193 194 │
│  63  64  65  66  67  68  69  70   #  72   #  74  75  76  77  78  79  80  81  82  83   #  85   #   #  88  89   #  91  92  93  94  95  96  97   # 101   # 101   # 103 104 105 106 107 108 109   # 111 112   # 114 115 116 117 118 119 120 121 122 123 124 125 126 127 128 129 130 131 132 133 134 135 136 137   # 139 140 141 142 143 144 145 146 147 148 149 150   # 152 153 154   # 156 157 158 159   # 161 162 163 164 165 166 167 168 169 170 171 172 173   # 175 176 177 178   # 180 181 182 183 184 185 186 187 188   # 190 191 192 193 │
│  62  63  64  65  66   #  68  69  70  71  72  73   #  75  76  77  78  79  80  81  82  83  84  85  86  87  88  89  90  91  92  93   #  95  96  97   # 101 100 101 102 103 104   # 108 107 108 109 110 111 112 113 114 115 116 117 118   # 120 121 122 123 124 125 126 127 128 129 130 131 132 133   # 135   # 137 138 139 140   # 144 143 144 145 146 147 148   # 150 151 152   # 154 155 156   # 158 159 160 161 162 163   #   # 166   # 170   # 170 171 172 173 174 175 176 177 178 179 180   # 182 183   #   #   # 187 188 189 190 191 192 │
│  61  62  63  64  65  66  67  68  69   #  73  72  73  74  75  76  77  78  79  80  81  82   #  84  85  86   #   #  91  90  91  92  93  94  95  96  97   #  99   # 101 102 103 104   # 106 107 108 109 110 111 112 113   # 117 116 117 118 119 120 121 122 123 124 125 126 127 128 129 130 131 132 133 134 135 136 137 138 139 140   # 142 143 144 145   # 147   # 149 150 151 152 153 154   # 156 157 158 159 160 161   # 163 164 165 166   # 168 169 170 171   # 173 174 175 176 177 178 179 180 181 182 183 184   # 186   # 188 189 190 191 │
│  60  61  62   #  64  65  66  67  68   #  72  71  72  73  74  75  76  77  78  79  80  81  82  83  84  85   #  87   #  89  90  91  92  93  94  95  96  97  98   # 100 101 102 103 104 105 106 107 108 109   # 111   #   .   # 115 116 117 118 119 120 121 122 123 124 125   # 127 128 129 130 131 132 133   # 135 136 137 138 139 140 141 142 143 144 145 146 147 148   # 150 151 152 153 154 155   # 157 158 159 160 161 162 163   #   # 166 167 168 169 170   # 172 173 174 175 176 177 178 179 180   #   # 183   # 185 186 187 188 189 190 │
│  59  60  61  62  63  64  65  66  67  68   #  70  71  72  73  74  75  76  77  78  79  80  81  82  83  84  85  86  87  88  89   #  91  92  93  94  95  96  97  98  99 100 101 102   # 104 105 106 107 108 109 110 111   # 113 114 115 116 117 118 119 120 121 122 123 124   # 126 127 128 129 130 131 132 133 134 135 136 137   # 139 140 141 142   # 144 145 146 147 148 149 150 151 152 153   # 155 156 157 158 159 160 161 162 163 164 165 166 167 168 169 170 171 172 173 174 175 176 177 178 179   # 181 182 183 184 185 186 187 188 189 │
│  58  59  60   #  62   #  64  65  66  67  68  69  70  71  72  73  74  75  76  77  78  79  80  81  82   #  84   #  86  87  88  89  90  91   #   #  94  95   #  97  98  99 100 101 102 103 104   # 106   #   # 109 110 111 112 113 114 115 116 117 118 119 120 121 122 123 124 125 126 127 128 129 130 131 132 133 134 135 136 137 138 139 140 141 142 143 144 145   # 147 148 149 150 151 152 153 154   #   # 157 158 159 160 161 162 163 164 165 166 167 168   # 170   #   # 175 176 177 176   # 178 179 180 181 182 183 184 185 186 187 188 │
│  57  58  59  60  61  62  63  64  65  66  67  68  69  70  71  72  73  74  75  76  77  78  79  80  81  82  83  84  85  86  87  88  89  90  91  92  93  94  95  96  97   #  99 100 101   # 103 104 105 106 107 108 109 110 111 112 113 114 115 116 117 118 119 120 121 122 123 124 125   # 127 128 129 130 131 132 133 134 135 136 137 138 139 140 141 142 143 144 145 146 147 148 149 150 151 152 153   # 155 156   # 160 159 160 161 162 163 164 165   # 167 168 169 170   #   # 177   # 175 176 177   #   # 180 181 182 183 184 185 186 187 │
│  56  57  58   #  60  61  62  63  64  65  66   #  68  69  70   #  72  73  74  75  76  77  78   #  80  81   #  83   #  85  86  87  88  89  90  91   #  93  94  95  96  97  98  99   # 101 102 103 104 105 106 107 108 109 110 111 112 113 114 115 116 117 118 119 120 121 122 123 124   # 126 127 128 129 130 131 132 133   # 135 136 137 138   # 140 141 142 143   # 145 146 147   # 149   # 151 152 153 154 155   # 159 158 159   # 161 162 163 164 165 166 167 168 169 170 171   # 173 174 175 176 177 178 179 180   #   # 183   # 185 186 │
│  55  56   #  58  59  60  61   #  63  64  65  66  67  68  69  70  71  72  73  74  75   #  77  78  79  80  81  82  83  84  85  86  87  88  89  90  91  92  93  94  95  96  97  98  99 100   # 102 103   #   # 106 107 108 109 110 111 112 113 114 115 116 117 118 119 120 121 122 123 124 125 126 127 128 129 130 131 132 133 134   # 136 137   # 139 140 141 142 143 144 145 146 147 148 149 150 151 152 153 154 155   # 157 158 159 160   #   # 163 164 165 166 167 168 169   # 171 172 173 174 175 176 177   # 179 180 181 182   # 184 185 │
│  54  55  56  57  58  59  60  61  62  63  64  65  66  67  68  69  70  71  72  73  74  75  76  77  78   #  80  81  82  83  84  85  86   #  88  89  90   #  92  93  94  95  96  97  98  99 100 101 102   # 104 105 106 107 108 109 110 111 112 113 114 115 116 117 118 119 120 121   # 123 124 125 126 127 128 129 130 131 132 133 134 135 136   # 138   # 140 141 142 143   # 145 146 147 148 149   # 151 152 153   # 155 156 157 158 159 160 161 162   # 164 165 166 167 168 169 170 171 172 173 174   # 176 177 178 179 180 181   # 183 184 │
│  53  54  55  56  57  58  59  60  61  62  63  64   #  66  67  68  69  70  71  72  73  74  75  76  77  78  79  80  81  82  83   #  85  86  87   #  89  90  91  92  93  94  95   #  97  98  99   # 101   # 103 104 105 106 107 108 109 110 111   # 113 114 115 116 117 118 119 120 121 122 123 124 125 126 127 128 129 130 131 132 133 134 135   # 137 138 139 140 141 142 143 144 145 146 147 148   # 150 151 152 153 154 155 156   # 158 159 160 161   # 163 164 165 166 167   # 169 170 171 172 173 174 175 176 177 178   # 182 181 182 183 │
│  52  53  54  55  56  57  58  59  60  61   #  63  64  65  66  67  68  69  70   #  72  73  74  75  76  77   #   #  80   #  82  83  84  85  86   #  88  89  90   #  92  93  94  95  96  97  98  99 100 101 102 103 104 105 106 107   # 109 110 111 112   #   # 115 116 117 118 119 120 121 122 123 124 125   # 127 128 129 130 131 132 133 134 135 136 137 138 139 140 141 142   # 144 145 146 147 148 149 150   # 152 153 154 155 156 157 158 159   # 161 162 163 164 165 166   # 168 169 170   # 172 173 174 175   # 179 180   # 180 181 182 │
│  51  52  53  54  55  56  57  58  59  60  61  62  63  64  65  66  67   #  69  70  71  72  73  74  75  76  77  78  79  80  81  82  83  84  85  86  87  88  89  90  91   #   #  94  95  96  97  98  99 100 101 102 103 104 105 106 107 108   # 112 113 112 113 114   # 116 117 118 119 120   # 122 123 124 125 126 127 128 129 130 131 132 133   # 135 136 137 138 139 140 141 142 143 144 145 146 147 148 149 150 151   # 153 154 155 156 157 158 159 160 161 162   # 164 165 166 167 168 169   # 171 172 173 174 175   # 179 178 179 180 181 │
│  50  51  52  53  54   #  56   #   #   #  60  61  62  63  64  65  66  67  68  69  70  71  72  73  74  75   #  77  78  79  80  81  82  83  84  85  86   #  88  89  90  91  92  93  94  95  96  97  98  99 100 101 102 103 104 105 106   # 108   #   # 111 112 113 114 115 116 117 118   # 122 121 122 123 124 125 126 127 128 129 130 131 132 133 134   # 136 137 138 139   # 141 142 143 144 145 146 147 148 149 150 151 152 153 154 155   # 157 158   # 160 161 162 163 164 165 166 167 168 169 170 171 172 173 174 175   # 177   # 179 180 │
│  49   #  51  52   #  54  55  56  57  58  59  60  61  62  63   #  65  66  67  68  69  70  71  72  73  74  75  76  77  78  79  80  81  82   #  84  85  86  87  88  89  90  91  92  93  94  95  96  97  98  99 100 101 102 103 104 105 106 107 108 109 110 111 112 113 114 115 116 117 118   # 120 121 122 123 124 125   # 129 128 129 130 131 132 133 134 135 136 137 138 139 140 141 142 143   # 145   # 147 148 149 150 151 152 153 154 155 156 157 158 159 160 161 162 163 164   # 166 167 168 169 170 171 172 173 174 175 176 177 178 179 │
│  48  49  50  51  52  53  54  55  56  57   #  59  60   #  62  63  64   #  66   #  68  69  70  71  72  73  74  75  76  77  78   #  80   #  82  83   #  87  86  87  88  89  90  91  92  93  94  95  96  97  98  99 100 101 102 103 104   # 106 107 108 109 110 111 112 113 114 115 116 117 118 119 120 121 122 123 124 125   # 127 128 129 130 131 132 133 134 135 136   # 138   # 140   # 142 143 144 145 146   # 148 149 150 151   # 153 154 155 156 157 158 159 160 161 162 163   # 165 166 167 168 169 170 171 172   # 174 175 176 177 178 │
│  47   #  49  50  51  52  53  54  55  56  57  58  59  60  61   #  63  64  65  66  67  68  69   #   #  72   #   #  75  76  77  78  79  80  81  82  83   #  85   #  87  88  89  90  91  92  93  94  95  96  97  98  99 100   # 102 103 104 105 106 107 108   # 110 111 112 113 114 115 116 117 118 119 120 121 122   # 124 125 126 127 128 129 130 131 132 133 134 135 136 137 138 139 140 141 142 143 144 145 146 147 148 149 150 151 152 153 154 155 156 157 158 159 160 161 162 163 164   # 166 167 168 169   # 171   # 173 174 175 176 177 │
│  46  47  48  49  50  51  52  53  54  55  56  57  58   #  60  61  62  63  64   #  66   #  68  69  70  71  72  73  74  75   #  77  78  79  80  81  82  83  84  85  86   #  88  89  90  91  92  93  94  95  96  97  98  99 100 101   # 103 104 105 106 107 108 109 110 111 112 113 114 115 116 117 118 119 120 121 122 123   # 125 126 127 128 129 130 131 132 133 134 135 136 137 138 139 140 141 142   # 144 145   # 147 148 149 150 151 152 153 154   # 158   # 158 159 160 161 162   # 164 165 166   # 168 169 170 171 172 173 174 175 176 │
│  45  46  47  48   #  50  51  52  53  54  55  56   #  60  59  60  61  62  63  64  65  66  67  68  69  70  71   #  73  74  75  76  77   #  79  80  81  82  83  84  85   #  87  88  89  90  91  92  93  94  95  96  97   #  99 100 101 102 103 104 105 106 107 108 109 110 111   # 113   #   # 116 117 118 119 120 121 122 123 124 125 126 127 128 129 130 131 132 133   # 135 136 137 138 139 140 141 142 143 144 145 146 147 148 149 150 151   # 153 154   # 156 157 158 159 160 161   # 163   # 165 166 167   # 169 170 171 172   # 174 175 │
│  44  45   #  49  50  49  50   #  52  53  54  55  56   #  58  59  60  61  62  63  64  65  66  67  68  69  70  71  72  73  74  75  76  77  78  79   #  81  82  83  84  85  86  87  88  89  90  91  92  93  94  95  96  97  98  99 100 101   # 103 104 105 106 107 108 109 110 111 112   # 114 115   #   # 118 119 120 121 122 123 124 125   # 127 128 129 130 131 132 133 134 135   # 137 138 139 140 141 142 143 144 145 146 147 148 149   # 151 152 153 154 155 156   # 158 159 160 161 162 163 164 165 166 167 168 169 170 171 172 173 174 │
│  43  44  45   #   #  48  49  50  51  52  53  54   #  56  57  58  59  60  61  62   #  66  67  66   #  68  69   #   #  72  73  74  75  76  77  78  79  80  81  82  83  84  85  86  87  88  89   #  93  92  93  94  95  96  97  98  99   #   # 102 103 104 105 106 107 108 109 110 111 112 113 114 115 116 117 118 119 120 121   # 125   # 125 126 127 128 129 130 131 132 133 134 135 136 137 138 139 140 141 142 143 144 145 146 147 148 149 150 151 152 153 154 155 156 157 158 159   # 161 162   # 164 165 166 167 168 169 170 171 172 173 │
│  42  43  44  45  46  47  48  49   #  51  52  53  54  55  56  57  58  59   #  61  62   #   #  65  66  67  68  69  70  71  72  73  74  75  76  77  78  79  80  81  82  83  84  85  86  87  88   #  92  91  92  93  94  95   #  97  98  99 100 101 102 103 104   # 106 107 108   # 110 111 112   # 116 115 116 117 118 119 120 121   # 123 124 125 126 127 128 129 130 131 132 133 134 135 136 137 138 139 140 141 142 143 144 145 146 147 148 149 150 151 152 153 154 155 156 157 158 159 160   # 162 163 164 165 166 167 168   # 170 171 172 │
│  41  42  43  44   #  46  47   #  49  50  51  52   #  54   #  56   #  58  59  60  61  62  63  64  65  66  67  68  69  70  71  72  73  74   #  76  77  78  79  80  81  82  83  84  85  86  87  88   #  90  91  92  93  94  95  96  97  98   # 100 101 102 103 104 105 106 107 108 109 110 111 112   # 114 115 116 117   # 119 120 121 122 123 124 125 126 127 128 129 130 131 132 133 134   # 136 137   # 141 140 141 142 143   # 147 148 147   #   # 150 151 152 153 154   # 156 157 158 159 160 161 162 163 164   #   # 167 168 169 170 171 │
│  40  41  42  43  44  45  46  47  48  49  50  51  52  53  54  55  56  57  58   #  60  61  62  63  64  65  66  67  68  69  70  71  72  73  74  75   #  77  78  79  80  81  82  83  84  85  86  87  88  89  90  91  92  93  94  95  96  97  98  99 100 101 102 103 104 105 106 107   # 109 110 111 112 113 114 115 116 117 118 119 120 121 122 123 124 125   # 127 128 129 130 131 132 133 134 135 136 137   # 139 140 141 142 143   #   # 146   # 148 149 150 151 152 153 154 155 156 157 158 159 160 161 162 163 164 165 166 167 168 169 170 │
│  39  40  41  42  43   #  45  46  47  48  49  50  51  52   #  54  55  56  57  58  59  60  61   #  63  64  65  66  67  68  69  70  71  72  73  74  75  76  77  78  79  80  81  82  83  84  85  86   #  88  89  90  91  92  93  94  95  96  97  98  99 100 101   # 105 104 105 106 107 108 109 110 111 112 113 114 115 116 117 118 119 120 121 122 123 124 125 126 127 128 129 130 131 132 133 134 135 136 137 138 139 140 141 142 143 144 145 146 147   # 149 150 151 152 153 154 155 156   # 158 159 160   # 164 163 164 165 166 167 168 169 │
│  38  39  40  41  42  43  44   #  46  47  48  49  50  51  52  53  54  55  56  57   #  61  62  63  62  63  64  65  66  67  68  69  70  71  72  73  74  75  76  77  78  79  80  81  82  83  84  85  86  87  88  89  90  91   #  93  94  95  96  97  98  99   # 105 104 103 104 105 106 107 108   # 110 111 112   # 114 115 116 117 118 119 120 121 122 123 124 125 126 127 128 129 130 131 132 133 134 135 136 137 138 139 140 141 142 143   # 145 146 147 148 149   # 151   # 153   # 155 156 157 158 159 160   # 162   # 164   # 168 169 168 │
│  37  38  39  40  41  42  43  44  45  46  47  48  49  50  51  52  53  54  55  56  57   #   #   #  61  62  63  64   #  66   #  68  69  70  71  72  73  74  75  76  77  78  79  80  81  82  83   #  85   #  87  88  89  90   #  92  93  94  95  96  97  98  99   #   # 102   # 104 105   # 107 108 109 110 111 112 113   # 115 116 117   # 119 120 121 122 123 124 125 126 127 128 129 130 131 132 133 134 135 136 137 138 139 140 141 142 143 144 145 146   # 148 149 150 151 152 153 154 155 156 157   #   #   # 161 162 163 164   # 168 167 │
│  36   #  38  39  40  41  42   #   #  47   #  47  48  49  50  51  52   #  54   #  56  57  58  59  60  61  62  63   #  65   #  67  68  69  70  71  72  73  74  75  76  77  78  79  80   #  82  83  84  85  86  87  88  89  90  91  92  93  94  95  96   # 100  99 100 101 102 103 104 105 106   # 108 109 110 111 112 113 114 115 116   # 118 119 120 121 122   # 124 125 126 127 128 129 130 131 132 133 134   # 136 137 138 139 140 141 142 143 144 145 146 147 148 149 150 151 152 153 154 155 156 157 158 159 160 161 162 163 164   # 166 │
│  35  36  37   #  39  40  41  42  43   #  45  46  47  48  49  50  51  52  53  54  55   #  57   #  59  60  61  62  63  64   #  66  67  68  69  70  71  72  73  74  75  76  77  78  79  80  81   #  83  84   #  86  87  88  89   #  91  92  93   #  95  96   #  98  99 100 101 102 103   # 105 106 107 108 109 110 111 112 113 114 115 116 117 118 119 120   # 124 123 124 125   # 127 128 129 130 131 132 133 134 135 136 137 138 139   # 141   # 143 144 145 146   # 148 149 150 151 152 153 154 155 156 157 158 159 160 161 162 163 164 165 │
│  34  35   #  37  38  39  40   #   #  43  44  45  46  47  48   #  50  51  52  53  54  55  56  57  58  59  60  61  62   #  64  65  66  67  68  69  70  71  72  73  74  75  76  77  78   #  80  81  82  83  84  85  86  87  88  89  90  91  92  93  94  95  96  97  98  99 100 101 102 103 104 105 106 107 108 109 110 111 112   # 114 115 116 117 118 119 120   # 122 123 124 125 126 127 128 129 130 131 132 133 134 135 136 137   # 139 140 141 142 143 144 145 146 147 148 149   # 151   # 153 154 155 156 157 158 159 160 161 162 163 164 │
│  33  34  35  36  37  38  39  40  41  42   #  44  45  46  47   #  49  50  51  52   #   #  55  56  57  58  59  60  61  62  63  64  65  66  67  68  69  70  71  72  73  74  75  76  77   #  79   #  81   #  83  84  85  86  87  88  89  90  91  92  93  94  95  96  97  98  99 100   # 102 103 104 105 106   # 108 109 110 111 112 113 114 115 116 117 118 119 120 121   # 123 124 125 126 127 128 129 130 131 132 133 134 135 136 137 138   # 140 141 142 143 144 145 146 147 148 149 150 151 152 153 154 155 156 157   # 159 160 161 162 163 │
│  32  33  34  35  36   #  38  39  40  41  42  43  44  45  46  47  48  49  50  51  52  53  54  55  56  57  58  59  60  61  62  63  64  65  66  67  68  69  70  71  72  73  74  75   #  77  78  79  80   #  82  83  84  85  86  87  88  89  90  91  92  93  94  95  96  97  98  99 100 101 102 103   # 105 106 107 108 109 110 111 112 113 114   # 116 117 118 119 120 121 122 123   # 125 126 127 128 129 130 131 132 133 134 135 136 137 138 139 140 141 142 143 144 145 146 147 148   # 150 151 152 153 154 155 156 157 158 159 160 161 162 │
│  31  32   #  34   #  36  37   #  39  40  41  42  43  44  45  46   #  48  49  50   #  52  53   #  55  56  57  58  59  60  61  62  63  64  65  66  67  68  69  70  71  72  73   #  75  76  77  78  79  80  81  82  83  84  85  86   #  90  91   #  91  92  93   #  95  96  97  98  99 100   # 102   # 104 105 106   # 108 109 110 111 112 113 114 115 116 117 118 119   # 121 122 123 124 125   # 127 128 129 130 131 132 133 134 135 136 137 138 139 140 141   # 143 144 145 146 147 148 149 150 151 152 153 154 155 156   # 158 159 160 161 │
│  30  31   #  33  34  35  36   #  38  39   #   #  42  43  44  45  46  47  48  49  50  51   #  53  54  55  56  57  58  59  60  61  62  63   #  67  66  67  68  69  70  71  72  73  74  75  76  77  78  79  80  81  82  83  84  85  86   #   #  91  90  91  92  93  94  95  96  97  98  99 100 101 102 103 104   # 106 107 108   # 110 111 112 113 114 115 116 117 118 119 120 121 122 123 124 125 126 127 128 129 130 131 132 133 134 135 136 137 138 139 140   # 142 143   # 145 146 147 148   # 150 151 152 153 154 155 156 157   # 159 160 │
│  29  30  31  32  33  34   #  36  37  38  39  40  41  42  43   #  47  48  47  48  49  50  51  52  53  54  55  56  57  58  59  60  61  62  63   #  65   #  67  68  69  70  71  72  73   #  75  76   #  78   #  80  81  82  83   #  85  86   #   #  89  90  91   #  95  94  95  96  97  98  99 100 101   #   # 104 105 106 107 108 109   # 111 112 113 114   # 116 117 118 119 120 121 122 123 124 125   # 129 128 129 130 131 132 133 134 135 136 137 138 139 140 141 142 143 144 145 146   # 148 149 150 151   # 153 154 155 156 157 158 159 │
│  28   #  30   #   #  33  34  35  36  37   #  41  40  41  42  43   #  47  46  47  48  49  50  51  52  53  54  55  56  57  58  59  60  61  62   #  64  65  66  67  68   #  70  71   #  73  74   #  76  77  78  79   #  81  82  83  84   #  86  87  88  89  90  91   #  93  94  95  96  97  98  99 100 101 102 103   # 107 106 107 108 109 110   # 112 113 114 115   # 117 118 119 120 121 122 123 124 125   # 127 128 129 130 131 132 133 134   #   # 137 138   # 140   # 142 143   #   # 146 147 148 149 150 151 152 153 154 155 156 157 158 │
│  27  28  29  30  31  32  33  34   #  36  37   #  39  40  41  42  43   #  45  46  47  48  49   #  51  52  53  54  55  56  57   #  59   #  61  62  63  64  65  66  67  68  69  70  71  72  73  74  75  76  77  78  79  80  81  82   #  84  85  86  87  88  89  90  91  92  93  94  95  96  97  98  99 100 101   #   .   # 105 106 107 108 109 110 111   #   # 114 115 116 117 118 119 120 121 122 123 124 125 126 127 128 129 130 131 132 133 134 135 136 137 138 139 140 141 142 143 144 145 146 147 148   # 150 151   # 153 154 155 156 157 │
│  26  27   #  29  30  31  32  33  34  35  36   #  38  39  40  41  42  43  44  45  46  47  48  49  50  51  52  53  54  55  56  57  58  59  60  61  62   #  64  65  66  67  68  69  70   #  72  73  74  75  76  77  78  79  80  81  82  83  84  85  86  87  88  89  90  91  92  93  94  95  96  97  98  99 100 101   # 103 104 105 106 107   #   # 110 111 112 113 114 115 116 117 118   # 120 121   # 123   #   # 126 127 128 129 130 131 132 133 134 135 136 137 138 139 140 141 142 143 144 145 146 147 148 149 150 151 152 153 154 155 156 │
│  25  26  27  28  29  30  31  32  33  34  35  36  37  38  39  40  41  42  43  44  45  46  47  48  49  50  51  52  53  54   #  56  57  58  59  60  61  62  63  64  65  66  67  68  69  70  71  72  73  74  75   #  77  78  79  80  81  82  83  84  85  86  87  88  89  90  91  92  93  94  95  96  97  98   # 100 101 102 103 104   # 108 107   # 109 110 111 112 113 114 115 116 117 118 119 120 121 122 123 124 125 126 127 128 129 130 131 132 133 134 135 136 137   # 141 140 141 142 143 144 145 146 147 148   # 150 151 152 153 154 155 │
│  24  25  26  27  28  29  30  31   #  33   #  35  36  37  38  39  40  41  42  43  44  45  46  47  48  49  50  51  52  53  54  55   #  59  58  59  60  61  62   #  64  65  66  67  68   #  70  71  72  73  74  75  76  77  78  79  80  81  82   #   #  87  86  87  88  89  90  91  92  93  94  95  96  97  98  99   # 101 102 103 104   # 106   # 108 109 110   # 114 113 114 115 116 117 118 119 120 121 122 123 124 125 126 127 128 129 130 131 132 133 134 135 136 137   # 139 140 141   # 143 144 145 146   # 148 149 150 151 152 153 154 │
│  23  24  25  26  27  28  29  30   #  32  33  34  35  36  37  38  39  40  41  42  43  44  45  46  47  48  49  50   #  52   #  54   #   #  57   #   #  60  61  62  63  64  65  66  67  68  69  70  71  72  73  74  75  76  77  78  79  80  81  82  83   #  85   #  87  88  89  90  91  92  93  94  95  96  97  98  99 100 101 102 103 104 105 106 107 108 109 110   # 112 113 114 115 116 117 118 119 120 121 122 123 124 125 126 127 128 129 130 131 132 133 134 135 136 137 138 139 140 141 142   # 144 145   # 147 148 149   # 151   # 153 │
│  22  23  24  25  26  27  28  29  30  31  32  33  34   #   #  37  38  39  40  41  42  43  44  45  46  47  48  49  50  51  52  53   #  55  56  57  58  59  60   #  62   #  64   #   #  67  68  69  70  71  72  73   #  77  76  77  78  79  80  81  82  83  84  85  86  87  88  89  90  91  92  93  94  95  96  97  98  99   # 101 102 103 104 105 106 107 108 109 110 111 112 113 114 115 116 117 118 119 120 121 122 123   # 125 126 127 128 129 130 131 132 133 134 135 136 137 138 139 140 141   # 143 144 145 146 147 148 149 150 151 152 │
│  21  22   #   #  25  26  27  28  29   #  31  32  33  34  35  36  37  38  39  40  41  42  43  44  45  46  47  48  49  50  51  52  53  54  55  56   #   #  59  60  61  62  63  64  65  66  67  68   #  72  71  72  73   #  75  76  77  78  79  80  81  82  83  84  85  86  87  88  89  90  91  92  93  94  95  96  97  98  99 100 101 102 103   #   # 108 107 108 109 110   #   #   # 114 115 116 117 118 119   # 121 122 123 124 125 126 127 128 129 130 131 132 133 134 135 136 137 138 139 140 141 142 143 144 145 146 147   # 149 150 151 │
│  20  21  22   #  24  25  26  27  28  29  30   #  32  33  34   #  36  37  38  39  40  41  42  43  44  45  46  47  48  49   #  51  52  53  54  55  56  57  58  59  60  61  62  63  64  65  66   #  68   #  70  71  72  73  74   #  78  77   #  79  80  81  82  83  84  85  86  87  88  89  90  91  92  93  94  95  96   #  98  99   # 103 102 103   #   # 106 107 108 109   # 111 112 113 114   # 116 117 118 119 120 121 122   # 124 125 126 127 128 129 130 131 132 133 134   # 136 137 138 139 140 141 142 143 144   # 146 147 148 149 150 │
│  19  20  21  22  23   #  25  26  27  28  29  30  31   #  35  34  35  36  37  38  39  40  41   #  43  44   #  48  47  48  49  50  51  52   #   #  55  56  57  58  59  60  61  62  63  64  65  66  67   #  69   #   #  72  73  74   #  76  77  78  79  80  81  82   #  84  85  86  87  88  89  90  91  92  93  94  95  96  97  98  99   # 101 102 103 104 105 106 107 108 109 110   # 112 113 114 115 116 117 118 119 120 121 122 123   # 127 126 127 128 129 130 131 132 133 134 135 136 137 138 139 140 141   # 143 144 145 146 147 148 149 │
│  18  19  20  21  22  23  24  25  26  27  28  29  30  31   #  33  34  35  36  37  38  39  40  41  42   #   #  47  46  47  48  49  50  51  52  53  54  55  56  57  58  59  60  61  62  63  64   #  66  67  68  69  70  71   #  73  74  75   #   #  78  79  80  81  82  83  84  85  86  87  88  89  90  91  92  93  94  95  96  97  98  99 100 101 102 103 104 105 106 107 108 109 110 111   # 113   # 117 118 117 118 119 120 121   #   .   # 125 126 127 128 129 130 131 132 133 134 135 136 137 138   # 142 141 142 143 144 145 146 147 148 │
│  17  18   #  20  21  22  23  24   #  26  27   #  29   #  31  32  33  34  35  36  37  38  39  40  41  42  43   #  45  46  47  48  49  50  51  52  53  54  55  56  57  58  59  60   #  62  63  64  65  66  67  68  69  70  71  72  73  74  75  76  77  78  79  80  81  82  83   #  85   #  87  88  89  90  91  92  93  94  95  96  97  98  99 100 101 102 103   #   # 106 107 108 109 110 111 112   #   #   # 116   # 118 119 120 121   # 125 124 125 126 127 128 129 130 131 132 133 134 135 136   #   # 141 140 141 142 143 144 145 146 147 │
│  16  17  18  19  20  21  22  23  24  25  26  27  28  29  30  31  32  33  34  35   #  37  38  39  40  41  42  43  44  45   #  47  48  49   #  51  52  53  54  55  56  57  58  59  60  61  62   #  64   #  66  67  68  69  70  71   #  73  74  75  76  77  78  79  80  81  82   #  84  85  86  87  88  89  90  91   #  95  94  95  96  97  98  99 100 101 102 103 104 105 106 107 108 109 110 111 112 113 114 115 116 117 118   # 120 121   # 123   # 125 126 127 128 129 130 131 132 133 134 135 136   #   # 139 140 141 142 143 144 145 146 │
│  15  16  17  18  19  20  21   #  25  24  25   #  27  28  29  30  31  32  33  34  35  36   #  38  39  40  41  42  43  44  45  46   #  48  49  50  51  52  53  54  55   #  59  58  59  60   #  62  63  64  65  66  67   #   #   #  71  72  73  74  75  76  77   #  81  80   #  82  83  84  85  86  87  88  89  90   #   #  93  94  95  96   #  98  99 100 101 102 103 104 105 106 107 108 109 110 111   # 113 114 115 116 117 118 119   # 121 122   # 124 125 126 127 128 129 130 131 132 133   # 135 136 137 138 139 140 141 142 143 144 145 │
│  14  15  16  17  18   #   #   .   #  23  24  25  26  27  28  29  30  31  32  33  34  35  36  37  38  39  40  41  42  43  44  45  46  47  48  49  50  51  52  53  54  55   #  57  58  59  60  61   #  63  64  65  66  67  68  69  70  71  72  73  74  75   #   .   #  79  80  81  82  83  84  85   #  89  90   #   #  91  92  93  94  95  96  97  98  99 100 101 102 103   # 105 106 107 108 109 110 111 112 113 114 115 116 117 118 119 120 121 122 123 124 125 126 127 128 129 130 131 132 133 134 135 136 137 138 139 140 141 142 143 144 │
│  13  14  15  16  17  18  19   #  21  22  23  24  25  26  27  28  29  30  31  32  33  34  35  36  37  38   #   #  41   #   #  44  45   #  49  48  49  50  51  52  53  54  55  56  57  58   #  60  61  62  63  64  65   #  67  68  69   #  71  72  73  74   #   #  77  78  79  80  81  82  83  84   #   #  91   #  89  90  91  92  93  94  95  96  97  98  99 100 101 102 103 104   # 106 107 108 109   # 111 112   # 116 115   #   # 120 119 120 121 122 123 124 125 126 127 128 129 130 131 132 133 134 135 136 137 138 139 140 141 142 143 │
│  12  13   #   #  18   #  18  19  20  21  22  23  24  25  26  27  28  29  30  31   #   #   #  35  36   #  38  39  40  41  42  43  44  45   #  47  48  49   #  51  52  53   #  55  56  57  58  59  60  61  62  63   #  65  66  67  68  69  70  71  72  73  74  75  76  77  78  79  80  81  82  83  84  85   #  87  88  89  90   #  92  93  94  95  96  97  98   #   # 101 102 103 104 105 106 107 108 109 110 111 112   # 114 115 116   # 118 119 120 121 122 123 124 125 126 127 128 129 130 131 132 133 134 135   # 137 138 139 140 141 142 │
│  11  12  13  14   #  16  17  18  19  20  21  22  23  24  25  26  27  28  29   #  31  32  33  34  35  36  37  38  39  40  41   #  43  44  45  46  47   #   #  50  51  52  53  54  55  56  57  58  59  60  61  62  63  64  65   #   #  68  69  70   #   #  73  74  75  76  77  78  79   #  81  82  83   #  85  86  87  88   #  90  91  92   #  94  95  96  97  98  99 100 101 102 103 104 105   # 107 108   # 110 111 112 113 114 115 116 117 118 119 120 121 122 123 124 125 126 127 128 129 130 131 132 133 134 135 136 137 138 139   # 141 │
│  10  11  12  13  14  15  16  17  18  19  20  21  22  23  24  25  26  27  28  29  30  31  32  33  34   #  36  37  38  39  40  41  42  43  44   #  46  47  48  49  50  51  52  53  54  55  56  57  58  59  60  61  62  63   #   #  66  67  68  69  70  71  72  73  74  75  76  77  78  79  80  81   #  83  84  85  86   #  88  89  90   #  92  93  94  95  96  97  98  99 100 101 102   # 104 105 106 107 108 109   # 111 112   # 114 115 116 117   #   #   #   # 122 123 124 125 126 127 128 129 130 131 132 133 134   # 136 137 138 139 140 │
│   9  10  11  12  13  14  15  16  17  18  19  20  21  22  23  24  25  26  27  28  29   #  31  32  33   #  35  36  37  38   #  40  41  42  43  44  45  46  47   #  49  50  51  52  53  54  55  56  57  58  59   #  61  62  63  64  65  66  67  68  69  70   #  74  75  74  75  76  77  78  79  80  81  82  83  84  85  86  87  88  89  90  91   #  95  94   #  96  97   #  99 100 101 102 103 104 105 106 107 108   # 110 111 112 113 114 115 116 117 118 119 120 121 122 123 124 125 126 127 128 129 130 131 132 133 134 135 136 137 138 139 │
│   8   #  10  11  12  13  14  15  16  17  18  19  20  21  22  23  24  25  26  27   #  29  30  31  32  33  34  35  36  37  38  39  40  41  42  43  44  45  46   #  48  49  50  51  52  53  54  55   #  57  58  59  60  61  62  63  64  65  66  67  68   #  70   #  74  73  74  75  76  77  78  79  80  81  82  83  84  85   #  87  88  89  90   #  94  93  94  95  96  97  98  99 100 101 102 103 104 105 106   # 108 109 110 111 112 113 114 115   # 117 118 119 120   #   # 123 124 125 126 127 128 129 130 131 132 133 134   #   # 137 138 │
│   7   8   9  10  11  12  13  14  15  16  17  18  19  20  21   #  25  24  25  26   #  28   #  30  31  32  33  34  35  36  37  38   #  42  43  42   #  44  45  46  47  48  49  50   #  52  53  54   #  56  57  58  59  60  61  62   #  64  65  66  67  68  69  70   #  72  73  74  75  76  77  78  79  80  81  82  83  84  85  86  87   #  89   #   #  92  93  94  95  96  97  98  99 100 101 102 103 104 105 106 107   # 109 110 111 112 113 114 115 116 117 118 119 120 121 122 123 124 125   # 127 128 129 130 131 132 133 134 135 136 137 │
│   6   7   8   9  10  11  12  13  14  15  16  17  18  19   #  21   #  23  24  25  26  27  28  29   #  33  32  33   #  35  36  37  38   #  42  41  42  43  44  45   #  47  48  49  50  51  52  53  54  55  56  57  58  59   #  61  62  63  64  65  66  67  68  69  70  71  72  73  74  75  76  77  78  79   #   #  82  83  84   #  86  87  88  89  90  91  92   #   #  97  96  97  98  99 100   #   # 103 104 105 106 107 108 109 110 111 112 113 114 115 116 117 118 119 120 121 122 123 124 125 126 127 128 129 130 131 132 133 134 135 136 │
│   5   6   7   8   9  10  11  12  13  14   #   #  19   #  19  20   #  22  23  24  25  26  27  28   #   #  31  32  33  34  35  36  37  38   #  40   #   #  43  44  45  46  47  48   #  50  51  52  53  54  55  56  57  58  59  60  61   #  63   #  65  66   #   #  71  70  71  72  73  74  75  76  77  78  79  80  81  82  83   #  85  86  87   #  89  90  91  92  93   #  95  96  97   # 101 100 101 102 103 104 105 106 107 108 109 110   # 112 113 114 115 116 117   # 119 120 121 122 123 124 125 126 127 128 129 130 131 132 133 134 135 │
│   4   5   6   7   8   9  10  11   #  13   #  15   #  17  18  19  20  21  22  23  24  25  26  27  28  29  30  31  32  33  34  35  36  37  38  39  40  41  42  43  44  45  46  47  48  49  50  51  52  53  54  55  56   #   #  59  60  61  62   #  64  65   #  71  70  69  70  71  72  73  74  75  76  77  78  79  80  81   #  85  84  85  86  87  88  89   #   #  92  93  94  95  96  97   #  99 100 101 102 103 104   # 106 107 108 109 110 111 112 113 114 115 116   # 118 119   #   # 122 123 124 125 126 127 128 129 130 131 132 133 134 │
│   3   4   5   6   7   8   9  10  11  12  13  14  15  16  17  18  19  20  21  22  23  24  25  26  27  28  29  30  31  32  33  34  35  36  37  38  39  40   #  42  43  44  45  46  47  48  49  50  51  52  53  54  55  56  57  58  59  60  61  62  63  64  65   #  69  68  69  70  71  72  73  74  75   #  77  78  79  80  81   #  83  84  85  86  87  88  89  90  91  92  93  94  95  96  97  98  99 100 101   # 105 104 105 106 107 108 109 110 111 112 113 114 115 116 117 118 119 120 121 122 123 124 125 126 127 128 129 130 131 132 133 │
│   2   3   4   5   6   7   8   9  10  11  12  13  14  15  16  17  18  19  20  21  22  23  24  25  26   #  28  29  30  31   #  33  34  35  36  37  38  39   #  41  42  43  44  45  46  47  48  49  50  51  52  53  54  55  56  57  58  59   #  63  62   #  64  65   #  67   #  69  70  71  72  73   #  75  76  77  78  79  80  81  82  83  84  85  86  87  88  89  90  91  92   #  94  95  96  97  98  99   #   # 104 103 104 105 106 107 108 109 110 111 112 113 114 115 116 117 118 119 120 121 122 123 124   # 126 127 128 129 130 131 132 │
│   1   2   3   4   5   6   #   8   9  10  11   #  13  14  15  16  17  18  19   #  21  22  23  24  25  26  27  28  29  30  31  32  33   #  35  36  37  38  39  40  41  42  43  44  45  46  47  48  49  50  51  52  53  54  55  56  57  58  59   #  61  62  63  64  65  66  67  68   #  70   #  72  73  74   #  76  77  78  79  80   #  82  83   #  85  86  87  88   #  90  91  92  93  94  95   #  97  98  99 100   # 102   # 104 105 106 107 108 109 110   # 112 113 114 115 116 117 118 119 120 121 122   # 124 125 126 127 128 129 130 131 │
│   0   1   2   3   4   5   6   7   8   9  10  11  12  13  14  15  16  17  18  19  20  21  22  23  24  25  26  27  28  29  30  31  32  33  34  35  36  37  38  39  40  41  42  43  44  45  46  47  48  49  50  51  52  53  54  55  56  57  58  59  60  61  62  63  64  65  66  67  68  69  70  71  72  73  74  75  76  77  78  79  80  81  82  83  84  85  86  87  88  89  90  91  92  93  94  95  96  97  98  99 100 101 102 103 104 105 106 107 108 109 110 111 112 113 114 115 116 117 118 119 120 121 122 123 124 125 126 127 128 129 130 │
│   1   2   3   4   5   6   7   8   9  10  11   #  13  14  15   #  17  18  19  20  21   #  23  24  25  26  27  28  29  30  31  32  33  34  35  36  37  38  39  40  41  42  43  44   #  46  47  48  49  50  51  52   #  54  55  56  57  58  59  60  61  62  63  64  65  66   #  68   #  70  71  72  73  74  75  76  77  78  79  80  81   #  83   #   #  86   #  88  89  90   #  92  93  94  95  96  97  98  99   # 101 102 103 104 105 106 107   # 109 110 111 112 113 114 115 116   # 118 119 120 121 122 123 124   #   # 127 128 129 130 131 │
│   2   3   4   5   6   7   8   9  10  11  12  13  14  15  16  17   #  19  20   #  22  23  24  25  26  27  28  29   #  31  32  33   #  35  36  37  38  39  40  41  42  43  44  45  46  47  48  49  50  51  52  53  54  55   #  57  58  59  60  61  62  63  64  65  66  67  68  69  70  71   #  73  74  75  76  77  78  79  80  81  82  83  84  85  86  87  88  89  90  91  92  93  94  95  96  97  98  99   #   # 102 103 104 105 106   # 108 109 110 111 112 113 114 115 116   # 120 119 120 121 122 123 124 125 126 127 128 129 130 131 132 │
│   3   4   5   6   7   8   9  10  11  12  13  14  15   #   #  18   #   #  21   #  23  24  25   #  27  28  29  30  31  32  33  34   #  36  37   #  39  40  41   #  43  44  45  46  47  48  49  50  51  52  53  54  55  56  57  58  59  60  61  62   #  64  65  66   #  68  69  70  71  72  73  74  75  76  77  78  79  80  81  82  83  84  85  86  87  88  89  90   #  92  93  94  95  96  97  98  99 100 101 102 103   # 105 106 107 108 109 110 111 112 113 114 115 116 117 118 119 120 121 122 123 124 125 126 127 128 129 130 131 132 133 │
│   4   5   6   7   8   9  10  11  12  13  14  15  16  17  18  19   #  23  22  23  24   #  26   #  28   #  30  31  32   #  34  35  36  37  38  39  40  41  42  43  44  45  46  47  48   #  50  51  52  53  54  55  56  57  58  59  60   #  62  63  64  65  66  67  68  69  70  71  72  73  74  75  76  77  78  79  80  81  82  83  84  85  86  87  88  89  90  91   #   #  94  95  96  97  98  99 100 101 102 103 104 105 106 107 108 109 110 111 112 113 114 115 116 117   # 119 120 121 122 123 124 125 126 127 128 129 130 131 132 133 134 │
│   5   6   7   8   9  10  11  12  13  14  15  16  17  18  19  20  21  22  23  24  25  26  27  28  29  30  31  32  33  34  35  36  37  38  39  40  41  42  43   #  45  46  47  48  49   #  51  52  53  54  55  56  57  58  59  60  61   #  63  64  65  66  67  68  69  70  71   #  73  74  75  76  77  78  79  80  81  82  83  84  85  86  87  88  89  90  91   #  95  96   #  96  97   #  99 100 101 102 103 104 105 106 107 108 109 110 111 112 113 114 115   # 117 118 119 120 121 122 123 124 125   # 127 128 129 130 131 132 133   # 135 │
│   6   7   #   9  10  11  12  13  14  15  16  17  18  19  20  21  22  23   #  25  26  27  28   #  30   #  32   #  34  35  36  37  38  39  40  41  42  43  44  45  46  47  48  49  50  51  52  53  54  55  56  57  58  59  60  61   #  69   #  65  66   #  68  69  70  71  72  73  74  75  76  77  78  79   #  81  82  83  84  85  86  87  88  89   #  91  92  93  94  95  96   #  98  99 100 101 102 103 104 105   # 107 108 109 110   # 112 113 114 115 116 117 118 119 120 121 122 123 124 125 126 127 128 129 130 131 132 133   # 137 136 │
│   7   8   9   #  11  12  13  14  15  16  17  18  19  20  21  22  23  24  25  26  27  28  29  30  31  32   #  36  35  36  37   #  39   #  41  42  43  44  45  46  47  48  49  50  51  52  53  54  55  56  57  58  59  60   #   #  67  68  67  66  67  68  69  70  71  72   #  74  75  76  77  78  79   #  83  82  83   #  85  86  87  88  89  90  91  92   #  94  95  96  97   #  99 100 101 102 103 104 105 106 107 108 109 110 111 112 113 114 115 116 117 118 119   # 121   # 123 124 125 126 127 128 129 130 131 132 133   # 137   # 137 │
│   8   9  10  11  12  13  14  15  16  17  18  19  20  21  22   #  24  25  26   #  28  29  30  31  32  33  34  35  36  37  38  39  40  41  42  43  44  45  46  47  48  49  50  51  52  53  54  55  56  57  58  59  60   #   #  65  66  67   #  67   #  69  70  71  72  73  74  75   #  77  78  79   #  83  84  83  84  85  86  87  88  89  90  91   #  93  94  95  96  97  98  99 100 101 102 103 104 105 106 107 108 109 110 111   # 113 114 115 116 117 118 119 120 121 122 123   # 125 126 127 128 129 130 131 132 133 134 135 136 137 138 │
│   9  10  11  12  13  14  15  16  17  18  19  20  21  22  23  24   #  26  27  28  29  30  31   #  33  34  35  36  37  38  39  40  41  42  43  44  45   #  47   #  49  50  51   #   #  54  55  56   #   #  59  60  61  62  63  64   #  68  69  68  69  70  71   #  73  74   #  76  77  78  79  80  81  82  83  84  85   #  87  88   #  90  91  92  93  94  95   #  97  98  99 100 101 102 103 104 105 106 107 108 109 110 111 112 113 114 115 116 117 118 119 120 121 122 123 124 125 126 127 128 129 130 131 132 133 134 135 136 137 138 139 │
│  10  11  12  13  14  15  16  17  18  19  20  21  22  23  24  25  26  27   #  29   #  31  32  33  34  35   #  37   #   #  40  41  42  43  44   #  46  47  48  49   #  51  52  53  54  55  56  57  58  59  60  61  62  63  64  65  66  67  68  69  70  71  72  73  74  75  76   #   #  79   #  81   #  83  84  85  86   #  88  89  90  91  92  93  94  95  96   #  98  99 100   # 102 103 104 105 106   # 108 109 110 111 112 113 114 115   # 117 118 119   #   # 122   # 124 125 126 127 128 129 130 131 132 133 134 135 136 137 138   # 140 │
│  11  12  13  14  15  16  17  18  19  20  21  22  23  24  25  26  27  28  29  30  31  32  33  34   #  36  37  38   #  42  41  42  43  44  45  46  47  48  49  50  51  52  53   #  55  56  57  58   #  60  61  62  63  64  65  66   #  68  69  70  71  72  73   #  75  76  77  78  79  80   #  82  83  84  85  86  87   #  89  90   #  92  93  94  95  96  97  98  99 100 101 102 103 104 105 106   #   # 109 110 111 112 113 114 115 116 117 118 119 120 121   #   # 126 125 126 127 128 129 130 131 132 133 134 135 136 137 138 139 140 141 │
│  12  13   #  15  16  17   #   #  20  21  22  23  24  25  26  27  28  29  30  31  32   #  34  35  36  37  38  39  40  41  42  43  44  45  46  47  48  49  50  51   #  53  54  55  56   #  58  59  60  61  62  63  64  65  66  67  68  69  70  71  72  73  74  75  76  77  78  79  80   #  84  83  84  85  86  87  88  89  90  91   #  93  94  95   #   #  98  99 100 101 102 103 104 105 106 107 108 109 110 111 112 113 114 115 116 117 118 119   # 121 122   # 126 127   # 127 128 129 130 131 132 133 134 135 136   # 138 139 140   # 142 │
│  13  14  15  16   #   #  21   #  21  22  23  24  25  26  27  28  29  30   #  32  33  34   #  36  37  38  39  40  41  42  43  44  45   #  47  48  49  50  51  52  53   #  55  56  57   #  59  60  61  62  63  64  65  66  67  68  69  70   #  72   #  74  75  76  77  78  79  80  81  82   #  84  85   #  87  88  89   #  91   #  95  94  95  96  97  98  99   #   # 102 103 104 105 106 107   # 109 110   #   #   # 114 115   # 117 118 119 120 121 122 123 124 125   # 129 128 129 130 131 132 133 134 135 136 137 138 139 140 141 142 143 │
│  14  15  16  17  18  19  20  21  22   #  24  25  26  27  28  29  30  31  32  33  34  35  36   #  38  39  40   #  42  43  44  45  46  47  48  49  50  51   #  53  54  55  56  57  58  59  60   #  62  63   #   #  66  67  68  69  70  71  72  73  74  75  76  77  78  79  80  81  82  83   #  85  86   #  88  89  90  91  92  93  94  95  96  97  98  99 100 101 102 103 104 105 106 107 108 109 110 111 112   # 116 115 116 117 118   # 120 121 122   # 124 125 126 127 128 129 130 131 132 133 134 135 136 137   # 139 140 141 142 143 144 │
│  15  16  17  18  19  20  21   #  23  24  25   #  27  28  29  30  31  32  33  34  35  36  37  38  39   #  41   #  43  44  45  46   #   #   #  50  51  52  53  54  55  56  57  58  59  60  61  62  63  64  65   #  67  68  69   #  71  72  73  74  75  76  77  78  79  80  81  82  83  84  85  86  87   #  89   #  91  92  93  94  95  96  97  98  99 100 101 102 103   # 105 106 107 108 109 110 111 112 113 114 115 116 117 118 119 120 121 122   #   # 125 126 127 128 129 130 131 132 133 134 135 136 137 138 139   # 141 142 143 144 145 │
│  16  17  18  19   #  21  22  23  24   #   #  29  28  29  30  31  32  33  34  35  36  37  38  39  40   #  42  43  44  45  46  47   #  53  52  51  52  53   #  55  56  57  58  59   #  61  62  63   #  65  66   #  68  69  70  71  72  73  74  75  76  77  78  79   #  81  82  83   #   #  86  87  88  89  90  91  92   #  94   #  96  97  98  99   # 101 102 103   # 107 106 107 108 109 110 111 112   #   # 115   # 117 118   # 120 121 122 123 124 125 126 127 128 129 130 131 132 133 134   # 136 137 138   # 140 141 142 143 144 145 146 │
│  17   #  19  20   #  22  23  24  25   #  31  30  29  30  31  32  33  34  35  36  37  38   #  40  41  42  43  44  45  46  47  48   #  52  53  52  53  54  55  56  57  58  59  60   #  62  63  64  65  66  67   #  69  70  71   #  73  74  75  76  77  78  79  80  81  82  83  84   #  88  87  88  89  90  91  92  93  94  95  96   #  98  99 100 101 102 103   #   # 108 107 108 109   # 111 112 113 114 115 116 117 118   # 122 121 122 123 124 125 126 127 128 129 130 131 132 133 134 135 136 137 138 139 140 141 142 143 144 145   # 147 │
│  18  19  20  21   #   #   #  25  26  27   #  31  30  31  32  33  34  35  36  37  38  39  40  41  42  43  44  45   #  47  48  49  50  51  52  53   #  55  56  57  58  59  60  61  62  63  64  65  66   #  68   #  70  71  72  73  74  75  76  77  78   #  80  81  82  83  84  85  86  87  88  89  90  91  92  93  94  95  96  97  98   # 100   #   # 103 104 105 106 107 108 109 110 111 112 113 114   # 116 117 118 119 120 121 122 123 124 125 126 127 128 129 130 131 132 133 134 135   # 137 138 139 140 141 142 143 144 145 146 147 148 │
│  19  20  21  22  23  24  25  26   #  28  29  30  31  32  33  34  35  36  37  38  39  40  41  42  43  44  45  46  47  48  49  50  51  52  53  54  55  56  57  58   #  60  61  62  63  64  65  66  67  68  69   #  71  72  73  74  75  76  77  78  79  80  81  82  83  84  85  86   #  88  89  90  91  92  93   #  95  96  97  98   # 102 101 102 103 104 105 106 107 108 109 110 111 112   # 114 115 116 117 118 119 120 121 122 123   #   # 126 127 128 129 130 131 132 133 134 135   # 139 138 139 140 141   # 143 144   #   # 147 148 149 │
│  20  21  22  23   #  25  26  27  28  29   #   #   #  33  34  35  36  37  38  39  40  41  42  43  44  45  46  47  48  49  50  51   #   #  54  55   #   #  58   #   #  61  62  63   #  65  66   #   #  69  70  71   #   #  74  75  76   #  78  79  80  81   #  83  84  85  86  87  88  89   #  91  92  93  94  95  96  97  98  99 100 101 102 103 104 105 106 107 108   # 110 111 112 113 114 115 116 117   # 119 120   # 122 123 124 125 126 127 128 129 130 131 132 133 134 135 136 137 138 139 140   # 142 143 144 145 146 147 148 149 150 │
│  21  22   #  24   #  26  27  28  29  30  31  32  33  34  35  36  37   #  39  40  41  42  43  44  45  46  47  48  49  50  51  52  53  54   #  56  57  58   #  64   #  62  63  64  65  66  67  68   #  70  71  72  73  74  75  76  77  78   #  80  81  82  83  84   #  86   #  88  89  90  91  92   #  94  95  96  97  98  99 100 101 102 103 104 105 106   # 108 109 110 111 112   # 114 115   # 117 118 119 120 121 122 123 124 125 126 127 128 129 130 131 132 133 134 135 136 137   # 139 140   #   # 143 144 145 146 147 148 149 150 151 │
│  22  23  24  25  26  27  28  29  30  31  32  33   #  35   #  37  38   #  40  41  42  43  44  45  46  47  48  49  50  51  52  53  54  55  56  57  58  59   #  63  64  63  64  65   #  67  68  69  70  71  72  73  74  75  76   #  78   #  82  81  82  83  84  85  86  87  88  89  90  91  92  93  94  95  96  97  98   # 100 101 102 103 104 105 106 107 108 109 110 111 112 113 114 115 116 117 118 119   # 121 122   # 124 125 126 127 128 129 130 131 132 133 134 135 136 137 138 139 140 141 142 143 144 145 146   # 148 149   # 151 152 │
│  23  24  25  26   #  28  29  30  31   #  33  34  35  36  37   #  39  40  41  42  43  44  45  46  47  48  49  50  51  52  53  54  55  56   #   #  59  60  61  62  63  64  65  66  67  68  69  70  71  72  73  74   #  76  77   #  79  80  81   #  83  84  85  86  87  88  89   #   #  92  93  94  95  96  97  98  99 100 101 102 103 104 105 106   # 108 109 110 111 112   #   # 115 116   # 118 119 120 121 122 123 124 125 126 127 128 129 130 131 132 133   # 135 136   #   # 139 140   #   # 143 144 145   # 147 148 149 150 151 152 153 │
│  24  25  26  27  28  29  30  31  32  33  34  35  36  37  38  39  40  41   #  43  44  45  46  47  48  49  50  51  52  53  54  55  56  57  58  59  60  61  62  63  64  65  66  67  68  69  70  71  72   #   #  75  76  77  78  79  80  81  82  83  84  85  86  87  88  89  90   #  94  93  94  95   #  97  98  99 100   # 102 103 104 105 106 107 108 109 110 111 112 113 114 115 116 117 118 119 120 121 122 123 124 125 126 127 128 129 130 131 132 133 134 135 136 137 138 139 140 141   # 145 144 145   # 149 148 149   #   # 152 153 154 │
│  25  26  27  28  29  30  31  32  33  34  35  36  37   #   #  40  41  42  43  44  45  46  47  48  49  50  51  52  53  54  55  56  57  58  59  60  61  62  63   #  65  66  67  68   #  70  71  72  73  74  75  76  77   #   #  80  81  82  83  84  85   #  87  88  89  90  91  92  93  94  95  96  97  98  99   # 101   # 103 104 105   # 107 108 109 110 111 112 113 114 115 116 117 118 119 120 121 122   # 124 125 126 127 128 129 130 131 132 133   # 135 136   # 138   # 140 141 142 143 144   # 146 147 148 149 150 151 152   # 154 155 │
│  26  27  28  29   #  31   #  33  34   #  36  37  38   #  42  41   #  43  44  45  46  47  48  49  50  51  52  53  54  55  56  57  58  59  60   #  62  63   #  67  66   #  68  69   #  71   #  73  74  75  76  77  78   #  82  81   #  83  84   #  86   #  88  89  90  91  92   #   #   #   #  97  98  99 100 101 102   # 104 105 106 107 108 109 110 111 112 113 114   #   # 117   # 119 120 121 122   # 126 125   # 127 128 129 130 131 132 133 134 135 136 137 138 139 140   # 142 143 144 145 146 147 148 149 150 151 152 153   # 155 156 │
│  27   #  29  30  31   #  35  34  35  36  37  38  39  40  41  42  43  44  45  46  47  48  49  50  51  52  53  54  55  56  57  58  59  60  61  62  63  64  65   #  67  68  69  70  71  72  73  74  75  76  77  78   #   #  83  82  83   #  85  86  87  88  89  90  91  92  93  94  95  96  97  98  99 100 101 102 103 104   # 106   # 108 109   # 111 112 113 114   # 120 119 118 119 120 121 122   # 128 127 126 127 128 129 130 131 132 133 134 135 136 137 138 139   # 141 142   # 144 145 146 147 148 149 150 151 152 153   # 157 156 157 │
│  28  29   #  31  32  33  34  35  36  37  38  39  40  41  42  43  44  45  46  47   #  49  50  51  52  53  54  55  56  57  58  59  60  61  62  63  64  65   #  69  68  69  70  71  72  73  74  75  76  77  78  79  80  81  82  83  84  85   #  87   #  89  90  91  92  93  94  95   #  97  98  99 100   # 102 103 104 105 106 107 108 109 110 111 112 113 114 115 116   # 120 119 120 121 122 123   # 127   # 127 128 129 130 131 132 133 134 135 136 137 138 139 140 141   # 143 144 145 146 147 148 149 150 151 152 153 154 155 156 157 158 │
│  29  30  31  32  33  34   #   #   #  38  39  40  41  42   #  44  45  46  47  48  49  50  51  52   #  54  55  56  57  58  59  60  61  62  63  64  65  66  67  68  69  70   #  72   #  74  75  76  77  78  79  80  81  82  83  84  85  86   #  88  89   #  91  92   #  94  95  96  97  98  99 100   # 104 103 104 105 106   # 108 109 110 111 112 113 114 115 116 117 118 119 120 121 122 123 124 125 126 127 128 129 130 131 132 133 134 135 136   # 138 139 140 141   #   # 144 145   #   # 148 149   # 151 152 153 154 155 156 157 158 159 │
│  30  31  32  33  34  35  36  37  38  39   #   #   #  43  44  45  46   #  48   #  50   #  52  53  54  55   #  57  58  59  60  61  62  63  64   #  66  67  68  69  70  71  72  73  74  75  76  77   #   #   #  81  82   #  84  85  86  87  88  89  90  91  92   #  96  95  96  97   #  99 100 101 102 103 104 105 106 107 108 109   # 111 112 113 114 115 116 117   # 119 120 121 122 123 124   # 126 127 128 129 130 131 132 133   # 135 136 137 138 139 140   # 142 143 144 145   # 149 150 149 150 151 152 153 154 155 156 157 158   # 160 │
│  31  32  33  34  35   #   #  38  39  40   #  46   #  44   #   #  47  48  49  50  51  52  53  54  55  56  57  58  59  60  61  62  63  64  65  66   #   #  69  70  71   #  73   #  75  76   #  78  79  80  81  82  83   #  85  86  87  88  89  90  91   #  93  94  95  96  97  98   # 100 101 102   # 104 105 106 107 108 109 110 111   # 113 114 115 116 117 118 119 120 121 122 123 124 125 126 127 128 129 130 131 132 133   # 137 136 137 138 139 140 141   # 143 144 145 146 147 148   # 150 151 152 153 154   #   # 157 158 159 160 161 │
│  32   #  34  35  36  37  38   #  40  41   #  45  46  45  46  47  48  49  50  51  52  53  54  55  56  57  58  59  60  61  62  63  64  65  66  67  68  69  70  71  72  73   #  77  76  77  78   #  80  81  82  83  84  85  86  87  88  89  90  91  92  93  94  95  96  97  98  99 100 101 102 103 104 105 106 107 108 109 110 111 112   #   # 115 116 117 118 119 120 121 122 123 124 125 126 127 128 129 130 131 132 133   # 137 138 137 138 139 140 141   # 145 144 145 146 147 148 149 150 151 152 153 154 155 156 157   # 159 160 161 162 │
│  33  34  35  36  37  38  39  40  41  42  43  44  45  46  47  48  49  50  51  52  53   #   #  56  57  58  59  60   #  62  63  64  65  66  67  68  69  70  71  72  73  74  75  76  77  78  79  80   #  82  83  84  85  86  87  88  89  90  91  92  93  94  95  96  97  98  99 100 101 102 103   # 105   # 107 108   # 110 111 112 113 114 115 116 117 118 119 120 121 122 123 124 125 126 127 128 129 130 131 132 133 134 135 136 137 138 139 140 141   #   # 146 145 146 147 148 149 150 151 152 153 154 155 156 157 158 159 160 161 162 163 │
│  34  35  36  37   #  39  40  41  42   #  44  45  46  47  48  49  50  51  52  53   #  57  58  57  58  59  60  61  62   #  64  65  66  67  68  69  70  71  72   #  74  75  76   #   #  79  80  81  82  83  84  85  86  87  88   #  90  91  92  93  94   #  96  97   #  99 100   # 102 103 104 105 106 107 108 109 110 111 112 113 114   # 116 117   #   # 120 121 122 123 124 125 126 127 128 129 130 131 132 133 134 135 136 137 138 139 140 141 142 143 144 145 146 147 148 149 150 151 152 153 154 155   # 157 158 159 160 161 162 163 164 │
│  35  36  37  38  39  40  41  42  43  44   #  46   #  48  49  50  51  52  53  54  55  56  57  58  59  60   #  62  63  64  65  66  67  68  69  70  71  72  73  74  75  76  77  78   #  80  81  82  83  84  85  86  87  88  89  90  91   #  93  94  95  96  97   # 101 100 101 102 103 104   # 106 107 108 109 110 111 112 113 114 115 116 117 118 119 120 121 122 123 124 125 126 127 128 129 130 131 132 133 134 135 136   # 138 139 140 141 142 143 144 145 146 147 148 149 150 151 152 153 154   # 156 157 158 159   # 161   # 163 164 165 │
│  36  37  38  39  40  41   #  43  44  45   #  47   #  49  50  51  52  53   #  55   #  57   #   #  60  61   #  63   #  65  66  67  68  69  70  71  72  73  74  75  76   #   #   #  82  81  82  83   #  85  86  87  88  89   #  91  92  93  94  95  96  97  98  99 100 101 102 103 104 105 106   #   # 109 110 111 112 113 114   # 116 117 118 119 120 121 122   # 124 125   # 127 128 129 130 131 132 133 134 135 136 137 138 139 140 141 142 143 144 145 146   # 148 149 150 151 152   # 154 155 156 157 158 159 160 161 162 163 164 165 166 │
│  37  38  39  40  41   #  45  44  45  46   #  48  49  50  51  52  53  54  55  56  57  58  59  60  61  62  63  64  65  66  67   #  69  70  71  72  73  74  75  76  77  78  79  80  81  82  83  84  85  86  87  88  89   #  93  92  93  94  95  96  97  98  99 100   # 102 103 104 105 106   # 110 111 110 111 112 113 114 115 116 117 118 119 120   # 122 123   # 125 126 127 128 129 130 131 132 133 134 135 136 137 138 139 140 141 142 143 144 145 146 147   # 149   # 151 152 153 154 155 156 157 158 159 160 161 162 163 164 165 166 167 │
│  38  39  40  41  42  43   #  45  46  47  48   #  50  51  52  53  54  55  56  57  58  59  60  61  62  63  64  65  66  67  68  69  70  71  72  73  74  75  76  77  78  79  80   #  82  83  84   #  86  87  88  89  90  91  92  93   #  95  96  97  98  99 100 101 102 103 104 105 106 107 108 109 110 111 112 113 114 115 116 117   # 119 120 121 122 123 124 125 126 127 128 129 130 131 132 133 134 135 136 137 138   #   # 141 142 143   # 145 146   # 148 149 150 151 152 153   # 155 156 157   #   # 160 161 162 163   # 165 166 167 168 │
│  39  40  41  42   #  44  45  46  47  48  49  50  51  52  53  54  55  56  57   #  59  60  61  62  63  64  65  66  67  68  69   #  71  72  73  74  75  76  77  78  79  80  81  82  83  84  85  86   #  88   #  90  91  92  93  94  95   #  97  98  99 100 101 102 103 104   #   # 107 108 109   # 111 112   # 114 115 116 117   #   #   # 121 122 123 124 125 126 127 128 129 130 131 132 133 134 135 136 137 138   # 142 143 142 143 144 145 146 147 148   # 150 151 152 153 154 155 156 157 158 159 160 161 162   # 164 165 166 167 168 169 │
│  40  41  42  43  44  45   #  47  48  49  50   #  52  53  54  55   #  57  58  59  60  61   #  63  64   #   #  67   #  69   #  73  72  73  74  75  76  77  78  79  80  81  82  83   #   #  86  87  88  89  90  91  92   #  94  95  96  97  98  99 100   # 102 103 104 105   # 109 108 109   #   # 112 113 114 115 116 117 118 119 120 121 122 123 124 125 126 127 128 129 130 131 132 133 134 135 136 137   # 139 140 141 142   #   #   # 146 147 148   # 152 151 152   # 154 155 156 157 158 159 160 161 162 163 164 165 166   # 168 169 170 │
│  41   #  43  44  45  46   #   #  49  50  51  52  53  54   #  56  57  58  59  60  61  62  63   #  65   #  69  68  69  70  71  72  73  74  75  76   #  78  79  80  81  82  83  84  85  86  87  88  89  90  91  92  93  94  95  96  97  98  99 100 101 102 103 104 105 106 107 108 109 110 111 112 113 114 115 116 117 118 119   # 121 122 123 124 125 126 127 128 129 130 131 132 133 134 135 136   # 138 139 140 141 142 143 144 145 146 147 148 149 150 151 152 153 154 155   # 157 158 159 160 161 162 163 164 165 166 167 168 169 170 171 │
│  42  43   #  45  46  47  48  49  50   #  52  53  54   #  58  57  58  59   #  61  62  63  64  65  66  67   #   #  70  71  72  73  74   #  76  77  78  79  80  81  82  83  84  85  86  87  88  89  90  91  92  93  94  95  96   #  98  99 100 101 102   # 104   # 106 107   # 109 110 111   # 113 114 115   # 117 118 119 120 121 122   # 124 125 126 127 128 129 130 131 132 133 134 135 136 137 138 139 140 141 142 143 144 145 146 147 148 149 150 151 152 153 154 155 156 157 158 159 160 161 162   # 164 165   # 167 168 169 170 171 172 │
│  43  44  45  46  47  48   #  50  51  52  53  54  55  56  57  58  59  60  61  62  63   #  65  66  67  68  69  70  71   #  73   #  75  76  77  78  79  80  81  82  83  84  85  86  87  88  89  90  91  92  93  94  95  96  97  98  99 100   # 102 103 104 105 106 107 108 109 110 111 112 113 114   # 116 117 118 119 120 121 122   # 126   # 126 127 128 129 130 131 132 133 134 135 136 137 138   # 140 141 142 143 144 145   # 147 148 149 150 151 152 153 154 155 156 157 158 159 160 161 162 163 164 165 166   # 168 169   # 171 172 173 │
│  44  45   #  47  48  49   #  51  52  53  54  55  56  57  58  59  60  61  62  63  64  65  66  67  68  69  70  71  72  73  74  75   #  77   #  79  80  81  82   #  84  85  86  87  88  89  90  91  92  93  94  95  96  97  98  99 100 101 102 103 104 105 106 107 108 109 110 111   # 113 114 115 116 117 118 119 120 121 122 123 124 125 126 127 128 129 130 131 132 133   # 135 136 137 138 139   # 141 142 143 144 145 146 147 148 149 150 151 152 153 154 155 156 157   # 159 160 161 162 163 164 165 166 167 168 169 170 171 172 173 174 │
│  45  46  47  48  49  50  51  52  53  54  55  56  57  58  59  60  61  62  63   #   #  66  67  68  69  70  71   #  73  74  75  76  77   #  81  80  81  82  83  84  85  86  87  88  89  90  91  92  93  94  95  96  97  98  99 100 101 102 103 104 105 106 107   # 109 110 111 112 113 114   #   # 117 118 119 120   # 122 123 124 125 126 127 128 129 130 131 132 133   # 137 136 137   # 139 140 141 142 143 144 145 146 147 148 149 150 151 152 153 154 155 156 157 158 159 160   # 162 163 164 165 166 167 168 169 170 171 172 173 174 175 │
│  46  47  48  49  50  51   #  53  54  55   #  57  58   #  60   #   #  63  64  65  66  67  68  69  70  71  72  73  74  75   #  77  78  79  80  81  82  83  84   #  86  87   #  89  90  91  92  93  94  95  96  97   #   # 100 101 102   # 104 105 106 107   # 111 110 111 112 113 114   # 124 123   # 119 120 121 122 123 124   # 126 127 128 129 130 131 132 133 134 135   # 137 138 139 140 141 142 143 144 145 146 147   # 149 150 151 152 153 154 155 156 157 158   # 160   # 164 163   # 165   # 167 168 169 170 171 172 173 174 175 176 │
│  47   #  49  50   #  52  53   #  55  56  57  58  59  60  61  62  63   #  65  66  67  68  69  70  71   #  73  74  75  76  77  78  79   #  81  82  83  84  85  86  87  88  89   #  91  92  93  94  95  96  97  98  99 100   #   # 103 104 105   #   # 108 109 110   # 112   # 114 115 116   # 122 121 120 121 122 123 124 125 126 127 128 129 130 131 132 133 134 135 136 137 138 139 140 141 142 143 144 145 146 147 148 149 150 151 152 153 154 155 156 157   # 159 160 161 162   # 164 165 166 167 168 169 170 171 172 173 174 175 176 177 │
│  48   #  50  51   #  53   #  57   #  57  58  59  60   #  62  63  64  65  66  67   #  69  70  71  72  73  74  75  76  77  78  79  80  81  82  83  84   #  86  87  88  89  90  91  92  93  94  95  96  97  98  99 100 101 102 103 104 105 106 107 108 109   # 111   # 113 114 115 116 117   # 121 122 121 122 123 124 125 126 127 128 129 130 131 132 133 134 135 136 137 138 139 140 141 142   # 144 145 146   # 148 149 150 151 152 153 154 155 156 157 158 159 160 161 162 163 164 165 166 167 168 169   # 171 172 173 174 175 176   # 178 │
│  49  50  51  52  53  54  55  56  57  58  59  60  61  62  63   #   #  66  67  68  69  70  71  72  73  74  75  76  77  78  79  80   #   #  83  84  85  86  87  88  89  90  91  92  93  94  95  96  97  98  99 100 101 102   # 104 105   # 107   # 109 110 111 112 113 114 115 116 117 118 119 120 121 122 123 124 125 126 127 128 129 130 131 132 133   # 135 136 137 138 139 140 141   # 143 144 145 146 147 148 149   # 151 152 153 154 155 156 157 158 159 160 161   # 163 164 165 166 167 168 169 170 171 172 173 174   # 176 177 178 179 │
│  50  51  52  53  54  55  56  57  58  59   #  61  62  63  64  65  66  67  68  69   #  71   #  73  74  75  76  77  78  79  80  81  82  83  84  85   #  87  88  89  90   #  92  93   #  95   #  97  98  99 100 101 102 103 104 105 106 107 108 109   #   # 112 113 114 115   # 117 118 119 120 121 122   # 124   # 126 127 128 129 130 131 132 133 134 135 136 137 138 139 140 141 142 143 144 145 146 147 148 149 150   # 152 153   # 155 156 157 158 159   # 161 162 163 164 165 166 167   # 169 170 171 172 173 174 175 176   # 178 179 180 │
│  51  52  53  54   #   #  57  58  59  60  61  62   #  64  65  66   #  68  69  70  71  72  73  74  75  76  77  78  79  80  81  82  83  84  85  86  87  88  89  90  91  92  93  94  95  96   #  98  99 100 101 102 103 104 105 106 107 108 109 110 111 112   # 114 115 116 117 118 119   # 121 122 123 124 125 126 127 128 129 130 131 132 133 134 135 136   # 138 139 140 141 142 143 144 145 146 147 148 149 150 151 152 153 154 155 156 157 158 159 160 161 162 163 164 165 166 167 168 169 170 171 172 173 174   # 176 177 178 179 180 181 │
│  52  53  54  55   #   #   #  59   #  61  62   #  66  65  66  67  68  69  70   #  72  73  74  75  76  77  78  79  80  81  82  83  84  85  86  87  88  89  90   #  92  93  94  95   #  97  98  99 100 101 102 103 104 105 106 107 108 109 110 111 112 113 114 115 116 117 118 119 120 121 122   # 124 125   # 127 128 129 130 131 132 133 134 135 136 137 138 139 140 141 142 143 144   # 146 147 148 149 150   # 152 153 154 155   # 157 158 159 160 161   # 163 164 165 166 167 168 169 170 171 172 173 174 175 176 177 178   # 180   # 182 │
│  53  54  55  56  57  58  59  60  61  62  63  64   #  66   #  68  69   #  71   #  73   #   #   #  77  78  79  80  81  82  83  84   #   #  87  88   #  90   #   #  93  94  95  96  97  98  99 100 101 102 103 104 105 106 107 108 109 110 111 112 113 114 115 116 117 118 119   # 121 122 123 124 125 126 127 128 129 130 131 132 133 134 135 136 137   # 139   # 141 142 143 144 145 146 147 148 149 150 151 152 153   # 155 156 157 158 159 160 161 162 163 164 165 166 167   # 169 170 171 172 173   #   # 176 177 178 179 180 181 182 183 │
│  54  55   #  57  58  59  60  61  62   #  64  65  66  67  68  69  70  71  72  73  74  75  76  77  78  79  80  81  82  83  84  85  86  87  88  89  90  91  92  93  94  95   #  97   #  99 100 101 102 103 104 105 106 107 108 109 110 111 112 113 114 115 116 117 118 119   # 123 122 123 124 125 126 127 128 129 130 131 132 133 134 135 136 137 138 139 140 141 142   # 144 145 146 147 148 149 150 151   # 153 154 155 156 157   # 159 160 161 162 163   # 165   # 167 168 169   # 171 172 173 174 175   # 177 178 179 180 181 182 183 184 │
│  55  56  57  58  59  60  61  62  63  64  65  66  67   #  69  70  71  72  73  74  75  76  77  78   #  80   #  82   #   #  85  86  87  88  89  90   #  92  93   #  95  96  97  98  99 100 101 102 103 104 105 106 107 108 109 110 111 112 113 114   #   # 117 118 119 120 121 122 123 124 125 126 127 128 129 130 131 132 133 134 135 136 137 138 139 140 141 142 143 144 145 146 147 148   # 150 151 152 153 154 155 156 157 158 159 160 161 162 163   # 167 166 167 168 169 170   # 172 173 174 175 176 177 178 179 180 181 182   #   # 185 │
│  56  57  58  59  60   #  62  63  64   #  66  67  68  69  70  71  72  73  74  75  76  77  78  79   #  81  82   #  86  87  86  87   #  89  90   #  94  93  94  95  96  97  98  99 100 101 102 103 104 105 106 107 108 109 110 111 112 113 114 115 116 117 118 119 120 121   # 123 124 125 126 127 128 129 130 131 132 133 134 135 136 137 138 139 140 141 142 143 144 145 146 147 148   # 152   #   #   # 154 155 156 157 158 159 160 161 162 163 164 165 166 167   # 169 170 171   #   # 174 175 176 177 178   #   # 181 182 183 184 185 186 │
│  57   #  59  60  61   #  63  64   #  68  67  68  69  70  71  72   #  74   #  76  77  78  79  80  81  82  83  84  85  86  87  88  89  90   #  94  95  94  95   #  97  98  99 100 101   # 103 104   # 106 107 108 109   # 111 112 113 114 115 116 117 118 119 120 121 122 123 124   # 126 127 128 129 130 131 132 133 134 135 136 137 138 139 140 141 142 143 144 145 146 147 148 149 150 151 152 153 154 155 156 157 158 159 160 161 162 163 164 165 166 167 168 169 170 171 172 173 174 175 176   # 178   # 186   # 182 183 184 185 186 187 │
│  58  59  60  61  62  63  64   #   #  69  68  69  70  71  72  73  74  75   #  77   #  79  80  81  82   #  84  85  86  87  88  89  90  91  92  93  94   #  96  97  98  99 100   # 102 103 104 105   # 107 108 109 110 111 112 113 114 115 116 117 118 119 120 121   # 123 124 125 126 127 128 129 130 131 132 133 134 135 136 137 138 139 140 141 142   # 144 145 146 147 148 149 150 151 152 153 154 155 156 157 158 159 160 161   #   # 164 165 166 167 168 169   # 171 172 173 174 175 176 177 178   # 186 185 184 183 184 185 186 187 188 │
│  59  60  61   #  63   #  65  66  67  68  69   #  71  72  73  74   #  76  77  78  79  80  81  82  83  84  85  86  87  88  89  90  91  92   #  94  95   #  97  98  99 100 101 102 103 104 105 106 107 108 109 110 111 112   # 114 115 116 117 118 119 120 121   # 125 124 125 126 127 128 129 130 131 132 133 134 135 136 137 138 139 140   # 142 143 144 145 146 147   # 149 150 151 152 153 154 155 156 157 158 159 160   # 162 163 164 165   # 167 168 169 170 171 172 173 174 175 176 177   # 179 180   # 184 185 184 185 186 187 188 189 │
│  60  61  62  63  64   #  66  67  68   #  70  71  72  73  74  75  76  77  78  79  80  81  82  83  84  85  86  87   #  89  90  91  92  93  94  95   #  99  98  99 100 101 102 103 104 105   # 107 108 109   # 111 112 113 114   # 116 117 118 119 120 121 122 123 124 125 126 127 128 129 130 131 132 133 134   # 136 137 138   #   # 141 142   # 144   # 146 147 148 149   # 151 152 153 154   # 156   #   # 159 160   # 164 163   #   # 166   #   # 169 170 171 172 173 174 175 176 177 178 179 180 181 182 183 184 185 186   # 188 189 190 │
│  61  62  63  64  65  66  67  68  69  70  71  72  73  74  75  76  77  78  79  80  81   #  83  84   #  86  87  88   #  90  91  92  93  94   #  96  97  98  99 100 101 102 103 104 105 106 107   # 109 110 111 112 113 114 115 116 117 118 119 120 121 122 123 124 125 126 127 128 129 130 131 132 133 134   # 144   #   # 139 140 141 142 143 144 145 146 147 148 149 150 151 152 153 154 155 156 157 158 159   # 161 162   # 164 165 166   # 172 171 170 171 172 173   #   # 176 177 178 179 180   # 182 183 184 185 186   # 190 189 190 191 │
│  62  63   #  65  66  67  68  69  70  71  72   #  74  75  76  77  78  79  80   #   #  85   #  85  86  87  88  89  90  91  92  93  94  95  96  97  98   # 100 101   #   # 104 105 106 107 108 109 110 111 112 113 114 115 116 117 118 119 120 121 122 123 124 125 126 127 128 129 130 131 132 133 134 135   # 143 142   # 140   # 142 143 144 145   # 147 148 149 150 151   # 153 154 155 156 157 158 159 160 161 162 163 164 165 166 167   # 171 172 171 172 173 174 175 176 177 178 179 180 181 182 183 184 185   # 187   # 191 190 191 192 │
│  63  64  65   #  67  68  69  70  71  72  73  74  75  76  77  78  79  80  81  82  83  84  85  86  87  88  89  90  91  92  93  94  95  96  97  98  99   # 101 102 103 104 105 106 107 108 109   # 111 112 113 114 115 116 117 118 119 120 121 122 123 124 125 126 127 128 129 130 131 132 133 134 135 136 137   # 141 142 141 142   #   # 145   # 149 148 149 150 151 152 153 154 155 156 157 158 159 160 161 162 163 164 165   # 167 168 169 170 171 172   #   # 175 176 177 178 179 180 181 182 183 184 185 186 187 188 189 190 191   # 193 │
│  64  65  66  67  68  69  70  71  72   #  74  75  76  77  78  79  80  81  82  83   #  85   #  87  88  89  90  91  92   #  94  95  96  97   #   # 100 101 102 103   # 105   # 107 108 109   # 113 112 113 114 115 116 117 118 119   # 121 122 123 124 125 126 127 128 129 130 131 132 133 134 135 136 137 138 139 140 141 142 143 144 145 146 147 148 149 150 151 152   # 154 155 156 157   # 159 160   # 162 163 164 165 166 167 168 169 170 171 172 173 174 175   # 177 178 179 180   #   # 183 184 185   # 187 188 189 190 191 192 193 194 │
│  65  66  67  68  69  70  71  72  73  74  75  76  77  78  79  80  81  82  83  84  85  86  87  88  89  90  91  92  93  94  95  96  97  98  99 100 101 102 103 104 105 106 107 108 109 110 111 112 113 114 115 116 117 118 119 120 121 122 123 124 125 126 127 128 129 130 131 132 133 134 135 136 137 138 139 140 141 142 143 144 145 146 147 148 149 150 151 152 153 154 155 156 157 158 159 160 161 162 163 164 165 166 167 168 169 170 171 172 173 174 175 176 177 178 179 180 181 182 183 184 185 186 187 188 189 190 191 192 193 194 195 │
└                                                                                                                                                                                                                                                                                                                                                                                                                                                                                                                                             ┘,7597)