(┌                                                                                                                                                                                                                                                                                                                                                                                                                                                                                                                                             ┐
│   .   .   .   .   .   .   .   .   .   . 120 119 118 117 116 115 114 113 112 111 110 109 108 107 106 105 104 103 102 101 100  99  98  97  96  95  94  93  92  91  90  89  88  87  86  85  84  83  82  81  80  79  78  77  76  75  74  73  72  71  70  69  68  67  66  65  66  67  68  69  70  71  72  73  74  75  76  77  78  79  80  81  82  83  84  85  86  87  88  89  90  91  92  93  94  95  96  97  98  99 100 101 102 103 104 105 106 107 108 109 110 111 112 113 114 115 116 117 118 119 120   .   .   .   .   .   .   .   .   .   . │
│   .   .   .   .   .   .   .   .   . 120 119 118 117 116 115   # 113 112 111 110 109   # 107 108 107   # 103 102 101 100  99  98   #  96  95  94  93  92  91  90  89  88  87  86  85  84  83  84   #  80  79  78  77  76   #  74  73  72   #  70  69  68  67  66  65  64  65  66  67  68   #  70  71   #  73  74  75  76   #   #  79   #  81  82   #  84  85  86  87  88  89  90  91  92   #  94  95  96  97  98  99 100 101 102 103 104 105 106 107   # 109 110 111 112 113 114 115 116 117 118 119   #   .   .   #   .   .   .   .   .   . │
│   .   .   .   .   .   .   .   .   # 119   # 117 116 115 114 113 112 111 110 109 108   # 106   #   # 103 102   # 100  99  98  97  96  95  94   #  94   #  90   #  88  87  86  85  84  83  82   #  80  79   #  77  76  75  74  73  72  71  70  69  68  67  66  65  64  63  64  65  66  67  68  69  70  71  72   #  74  75  76  77  78  79  80  81  82  83  84  85   #  87  88  89   #  91  92  93  94   #  96  97  98  99 100 101 102 103 104 105 106 107 108   # 110 111 112 113   # 115 116 117 118 119 120   .   .   .   #   .   .   .   . │
│   .   .   .   .   .   #   . 120 119 118 117 116   # 114 113 112 111 110 109 108 107 106 105 104 103 102 101 100  99  98  97  96   #  94  93  92   #  90  89  88  87  86  85   #  83  82  81  80  79  78  77  76  75  74  73  72  71   #  69  68  67  66  65  64  63  62  63  64  65  66  67  68   #  70   #  72  73  74  75   #  79  78  79  80  81  82  83   #  85  86  87   #  89  90  91   #  93  94  95  96  97  98   #   # 101   # 105   # 105 106 107 108 109 110 111 112 113 114 115   # 117 118   #   #   #   .   .   .   .   .   . │
│   .   .   .   .   .   . 120 119 118   # 116 115 114 113 112 111 110 109 108 107 106 105   # 103 102 101   #   #  98  97  96  95  94  93  92  91  90   #  88   #  86  85  84  83   #  81  80  79  78  77  76  75  76   #  72  71  70  69  68  67  66  65  64  63  62  61  62  63  64  65  66  67  68  69  70  71  72  73  74  75   #  77  78  79  80   #  82   #  84  85  86  87  88  89   #  91  92  93  94  95  96   #  98  99 100 101   # 103 104 105 106   # 108 109 110 111 112 113 114 115 116 117 118 119   #   .   #   .   .   .   . │
│   .   .   .   #   . 120 119 118 117   # 115 114 113 112 111 110 109 108 107 106 105 104 103 102 101 100   #  98   #  96  95  94  93  92  91  90  89  88  87   #  85  84  83  82  81  80  79  78  77  76   #  74   #   .   #  70  69  68  67  66  65  64  63  62  61  60   #  62  63  64  65  66  67  68   #  70  71  72  73  74  75  76  77  78  79  80  81  82  83   #  85  86  87  88  89  90   #  92  93  94  95  96  97  98   #   # 101 102 103 104 105   # 107 108 109 110 111 112 113 114 115   #   # 118   # 120   .   .   .   .   . │
│   .   .   .   . 120 119 118 117 116 115   # 113 112 111 110 109 108 107 106 105 104 103 102 101 100  99  98  97  96  95  94   #  92  91  90  89  88  87  86  85  84  83  82  81   #  79  78  77  76  75  74  73  72   #  70  69  68  67  66  65  64  63  62  61  60  59   #  61  62  63  64  65  66  67  68  69  70  71  72   #  74  75  76  77   #  79  80  81  82  83  84  85  86  87  88   #  90  91  92  93  94  95  96  97  98  99 100 101 102 103 104 105 106 107 108 109 110 111 112 113 114   # 116 117 118 119 120   .   .   .   . │
│   .   .   .   # 119   # 117 116 115 114 113 112 111 110 109 108 107 106 105 104 103 102 101 100  99   #  97   #  95  94  93  92  91  90   #   #  87  86   #  84  83  82  81  80  79  78  77   #  75   #   #  72  71  70  69  68  67  66  65  64  63  62  61  60  59  58  59  60  61  62  63  64  65  66  67  68  69  70  71  72  73  74  75  76  77  78  79  80   #  82  83  84  85  86  87  88  89   #   #  92  93  94  95  96  97  98  99 100 101 102 103   # 105   #   # 110 111 112 111   # 113 114 115 116 117 118 119 120   .   .   . │
│   .   . 120 119 118 117 116 115 114 113 112 111 110 109 108 107 106 105 104 103 102 101 100  99  98  97  96  95  94  93  92  91  90  89  88  87  86  85  84  83  82   #  80  79  80   #  76  75  74  73  72  71  70  69  68  67  66  65  64  63  62  61  60  59  58  57  58  59  60   #  62  63  64  65  66  67  68  69  70  71  72  73  74  75  76  77  78  79  80  81  82  83  84  85  86  87  88   #  90  91   #  95  94  95  96  97  98  99 100   # 102 103 104 105   #   # 112   # 110 111 112   #   # 115 116 117 118 119 120   .   . │
│   . 120   .   # 117 116 115 114 113 112 111   # 109 108 107   # 105 104 103 102 101 100  99   #  97  96   #  94   #  92  91  90  89  88  87  86   #  84  83  82  81  80  79  78   #  76  75  74  73  72  71  70  69  68  67  66  65  64  63  62  61  60  59  58  57  56  57  58  59   #  61  62  63  64  65  66  67  68   #  70  71  72  73   #  75  76  77  78   #  80  81  82   #  84   #  86  87  88  89  90   #  94  93  94   #  96  97  98  99 100 101 102 103 104 105 106   # 108 109 110 111 112 113 114 115   #   # 118   # 120   . │
│ 120 119   # 117 116 115 114   # 112 111 110 109 108 107 106 105 104 103 102 101 100   #  98  97  96  95  94  93  92  91  90  89  88  87  86  85  84  83  82  81  80  79  78  77  76  75   #  73  72   #   #  69  68  67  66  65  64  63  62  61  60  59  58  57  56  55  56  57  58  59  60  61  62  63  64  65  66  67  68  69   #  71  72   #  74  75  76  77  78  79  80  81  82  83  84  85  86  87  88  89  90   #  92  93  94  95   #   #  98  99 100 101 102 103 104   # 106 107 108 109 110 111 112   # 114 115 116 117   # 119 120 │
│ 119 118 117 116 115 114 113 112 111 110 109 108 107 106 105 104 103 102 101 100  99  98  97  96  95   #  93  92  91  90  89  88  87   #  85  84  83   #  81  80  79  78  77  76  75  74  73  72  71   #  69  68  67  66  65  64  63  62  61  60  59  58  57  56  55  54  55  56   #  58  59  60  61  62  63  64  65  66  67  68  69  70  71   #  73   #  75  76  77  78   #  80  81  82  83  84   #  86  87  88   #  90  91  92  93  94  95  96  97   #  99 100 101 102 103 104 105 106 107 108 109   # 111 112 113 114 115 116   # 118 119 │
│ 118 117 116 115 114 113 112 111 110 109 108 107   # 105 104 103 102 101 100  99  98  97  96  95  94  93  92  91  90  89  88   #  86  85  84   #  82  81  80  79  78  77  76   #  74  73  72   #  70   #  68  67  66  65  64  63  62  61  60   #  58  57  56  55  54  53  54  55  56  57  58  59  60  61  62  63  64  65  66  67  68  69  70   #  72  73  74  75  76  77  78  79  80  81  82  83   #  85  86  87  88  89  90  91   #  93  94  95  96   #  98  99 100 101 102   # 104 105 106 107 108 109 110 111 112 113   # 117 116 117 118 │
│ 117 116 115 114 113 112 111 110 109 108   # 106 105 104 103 102 101 100  99   #  97  96  95  94  93  92   #   #  89   #  87  86  85  84  83   #  81  80  79   #  77  76  75  74  73  72  71  70  69  68  67  66  65  64  63  62   #  60  59  58  57   #   #  54  53  52  53  54  55  56  57  58  59  60   #  62  63  64  65  66  67  68  69  70  71  72  73  74  75  76  77   #  79  80  81  82  83  84  85   #  87  88  89  90  91  92  93  94   #  96  97  98  99 100 101   # 103 104 105   # 107 108 109 110   # 114 115   # 115 116 117 │
│ 116 115 114 113 112 111 110 109 108 107 106 105 104 103 102 101 100   #  98  97  96  95  94  93  92  91  90  89  88  87  86  85  84  83  82  81  80  79  78  77  76   #   #  73  72  71  70  69  68  67  66  65  64  63  62  61  60  61   #  57  56  55  54  53   #  51  52  53  54  55   #  57  58  59  60  61  62  63  64  65  66  67  68   #  70  71  72  73  74  75  76  77  78  79  80  81  82  83  84  85  86   #  88  89  90  91  92  93  94  95  96  97   #  99 100 101 102 103 104   # 106 107 108 109 110   # 114 113 114 115 116 │
│ 115 114 113 112 113   # 109   #   #   # 105 104 103 102 101 100  99  98  97  96  95  94  93  92  91  90   #  88  87  86  85  84  83  82  81  80  79   #  77  76  75  74  73  72  71  70  69  68  67  66  65  64  63  62  61  60  59   #  57   #   #  54  53  52  51  50  51  52  53   #  57  56  57  58  59  60  61  62  63  64  65  66  67  68  69   #  71  72  73  74   #  76  77  78  79  80  81  82  83  84  85  86  87  88  89  90   #  92  93   #  95  96  97  98  99 100 101 102 103 104 105 106 107 108 109 110   # 112   # 114 115 │
│ 114   # 112 111   # 109 108 107 106 105 104 103 102 101 100   #  98  97  96  95  94  93  92  91  90  89  88  87  86  85  84  83  82  83   #  79  78  77  76  75  74  73  72  71  70  69  68  67  66  65  64  63  62  61  60  59  58  57  56  55  54  53  52  51  50  49  50  51  52  53   #  55  56  57  58  59  60   #  64  63  64  65  66  67  68  69  70  71  72  73  74  75  76  77  78   #  80   #  82  83  84  85  86  87  88  89  90  91  92  93  94  95  96  97  98  99   # 101 102 103 104 105 106 107 108 109 110 111 112 113 114 │
│ 113 112 111 110 109 108 107 106 105 104   # 102 101   #  99  98  97   #  95   #  93  92  91  90  89  88  87  86  85  84  83   #  81   #  79  78   #  76  75  74  73  72  71  70  69  68  67  66  65  64  63  62  61  60  59  58  57   #  55  54  53  52  51  50  49  48  49  50  51  52  53  54  55  56  57  58  59  60   #  62  63  64  65  66  67  68  69  70  71   #  73   #  75   #  77  78  79  80  81   #  83  84  85  86   #  88  89  90  91  92  93  94  95  96  97  98   # 100 101 102 103 104 105 106 107   # 109 110 111 112 113 │
│ 112   # 110 109 108 107 106 105 104 103 102 101 100  99  98   #  96  95  94  93  92  91  90   #   #  87   #   #  84  83  82  81  80  79  78  77  76   #  74   #  72  71  70  69  68  67  66  65  64  63  62  61  60  59   #  57  56  55  54  53  52  51   #  49  48  47  48  49  50  51  52  53  54  55  56  57   #  59  60  61  62  63  64  65  66  67  68  69  70  71  72  73  74  75  76  77  78  79  80  81  82  83  84  85  86  87  88  89  90  91  92  93  94  95  96  97  98  99   # 101 102 103 104   # 106   # 108 109 110 111 112 │
│ 111 110 109 108 107 106 105 104 103 102 101 100 101   #  97  96  95  94  93   #  91   #  89  88  87  86  85  84  83  82   #  80  79  78  77  76  75  74  73  72  71   #  69  68  67  66  65  64  63  62  61  60  59  58  57  56   #  54  53  52  51  50  49  48  47  46  47  48  49  50  51  52  53  54  55  56  57  58   #  60  61  62  63  64  65  66  67  68  69  70  71  72  73  74  75  76  77   #  79  80   #  82  83  84  85  86  87  88  89   #  93   #  93  94  95  96  97   #  99 100 101   # 103 104 105 106 107 108 109 110 111 │
│ 110 109 108 107   # 105 104 103 102 101 100  99   #  97  96  95  94  93  92  91  90  89  88  87  86  85  84   #  82  81  80  79  78   #  76  75  74  73  72  71  70   #  68  67  66  65  64  63  62  61  60  59  58   #  56  55  54  53  52  51  50  49  48  47  46  45  46   #  48   #   #  51  52  53  54  55  56  57  58  59  60  61  62  63  64  65  66  67  68   #  70  71  72  73  74  75  76  77  78  79  80  81  82  83  84  85  86   #  88  89   #  91  92  93  94  95  96   #  98   # 100 101 102   # 104 105 106 107   # 109 110 │
│ 109 108   # 106 105 104 103   # 101 100  99  98  99   #  95  94  93  92  91  90  89  88  87  86  85  84  83  82  81  80  79  78  77  76  75  74   #  72  71  70  69  68  67  66  65  64  63  62  61  60  59  58  57  56  55  54  53  54   #  50  49  48  47  46  45  44  45  46  47   #  49  50   #   #  53  54  55  56  57  58  59  60   #  62  63  64  65  66  67  68  69  70   #  72  73  74  75  76  77  78  79  80  81  82  83  84   #  86  87  88  89  90  91   #  93  94  95  96  97  98  99 100 101 102 103 104 105 106 107 108 109 │
│ 108 107 106   #   # 103 102 101 100  99  98  97   #  95  94  93  92  91  90  89   #  87  86  85   #  83  82   #   #  79  78  77  76  75  74  73  72  71  70  69  68  67  66  65  64  63  62   #  60  59  58  57  56  55  54  53  52   #   #  49  48  47  46  45  44  43  44  45  46  47  48  49  50  51  52  53  54  55  56   #  60   #  60  61  62  63  64  65  66  67  68  69  70  71  72  73  74  75  76  77  78  79  80  81  82  83  84  85  86  87  88  89  90  91  92  93  94   #  96  97   #  99 100 101 102 103 104 105 106 107 108 │
│ 107 106 105 104 103 102 101 102   #  98  97  96  95  94  93  92  91  90   #  88  87   #   #  84  83  82  81  80  79  78  77  76  75  74  73  72  71  70  69  68  67  66  65  64  63  62  61   #  59  58  57  56  55  54   #  52  51  50  49  48  47  46  45   #  43  42  43   #  45  46  47   #  51  50  51  52  53  54  55  56   #  58  59  60  61  62  63  64  65  66  67  68  69  70  71  72  73  74  75  76  77  78  79  80  81  82  83  84  85  86  87  88  89  90  91  92  93  94  95   #  97  98  99 100 101 102 103   # 105 106 107 │
│ 106 105 104 103   # 101 100   #  98  97  96  95   #  93   #  91   #  89  88  87  86  85  84  83  82  81  80  79  78  77  76  75  74  73   #  71  70  69  68  67  66  65  64  63  62  61  60  59   #  57  56  55  54  53  52  51  50  49   #  47  46  45  44  43  42  41  42  43  44  45  46  47   #  49  50  51  52   #  54  55  56  57  58  59  60  61  62  63  64  65  66  67  68  69   #  71  72   #  76  75  76  77  78   #  82  83  82   #   #  85  86  87  88  89   #  91  92  93  94  95  96  97  98  99   #   # 102 103 104 105 106 │
│ 105 104 103 102 101 100  99  98  97  96  95  94  93  92  91  90  89  88  87   #  85  84  83  82  81  80  79  78  77  76  75  74  73  72  71  70   #  68  67  66  65  64  63  62  61  60  59  58  57  56  55  54  53  52  51  50  49  48  47  46  45  44  43  42  41  40  41  42   #  44  45  46  47  48  49  50  51  52  53  54  55  56  57  58  59  60   #  62  63  64  65  66  67  68  69  70  71  72   #  74  75  76  77  78   #   #  81   #  83  84  85  86  87  88  89  90  91  92  93  94  95  96  97  98  99 100 101 102 103 104 105 │
│ 104 103 102 101 100   #  98  97  96  95  94  93  92  91   #  89  88  87  86  85  84  83  82   #  80  79  78  77  76  75  74  73  72  71  70  69  68  67  66  65  64  63  62  61  60  59  58  57   #  55  54  53  52  51  50  49  48  47  46  45  44  43  44   #  40  39  40  41  42  43  44  45  46  47  48  49  50  51  52  53  54  55  56  57  58  59  60  61  62  63  64  65  66  67  68  69  70  71  72  73  74  75  76  77  78  79  80  81  82   #  84  85  86  87  88  89  90  91   #  93  94  95   #  99  98  99 100 101 102 103 104 │
│ 103 102 101 100  99  98  97   #  95  94  93  92  91  90  89  88  87  86  85  84   #  82  81  80  79  78  77  76  75  74  73  72  71  70  69  68  67  66  65  64  63  62  61  60  59  58  57  56  55  54  53  52  51  50   #  48  47  46  45  44  43  42   #  40  39  38  39  40  41  42  43   #  45  46  47   #  49  50  51  52  53  54  55  56  57  58  59  60  61  62  63  64  65  66  67  68  69  70  71  72  73  74  75  76  77  78   #  80  81  82  83  84   #  86   #  88   #  90  91  92  93  94  95   #  97   #  99   # 103 104 103 │
│ 102 101 100  99  98  97  96  95  94  93  92  91  90  89  88  87  86  85  84  83  82   #   #   #  78  77  76  75   #  75   #  71  70  69  68  67  66  65  64  63  62  61  60  59  58  57  56   #  54   #  52  51  50  49   #  47  46  45  44  43  42  41  40   #   #  37   #  39  40   #  42  43  44  45  46  47  48   #  50  51  52   #  54  55  56  57  58  59  60  61  62  63  64  65  66  67  68  69  70  71  72  73  74  75  76  77  78  79  80  81   #  83  84  85  86  87  88  89  90  91  92   #   #   #  96  97  98  99   # 103 102 │
│ 101   #  99  98  97  96  95   #   #  94   #  90  89  88  87  86  85   #  83   #  81  80  79  78  77  76  75  74   #  74   #  70  69  68  67  66  65  64  63  62  61  60  59  58  57   #  55  54  53  52  51  50  49  48  47  46  45  44  43  42  41   #  39  38  37  36  37  38  39  40  41   #  43  44  45  46  47  48  49  50  51   #  53  54  55  56  57   #  59  60  61  62  63  64  65  66  67  68  69   #  71  72  73  74  75  76  77  78  79  80  81  82  83  84  85  86  87  88  89  90  91  92  93  94  95  96  97  98  99   # 101 │
│ 100  99 100   #  96  95  94  95  96   #  90  89  88  87  86  85  84  83  82  81  80   #  78   #  76  75  74  73  72  73   #  69  68  67  66  65  64  63  62  61  60  59  58  57  56  55  54   #  52  51   #  49  48  47  46   #  44  43  42   #  40  39   #  37  36  35  36  37  38   #  40  41  42  43  44  45  46  47  48  49  50  51  52  53  54  55   #  59  58  59  60   #  62  63  64  65  66  67  68  69  70  71  72  73  74   #  76   #  78  79  80  81   #  83  84  85  86  87  88  89  90  91  92  93  94  95  96  97  98  99 100 │
│  99  98   #  96  95  94  93   #   #  90  89  88  87  86  85   #  83  82  81  80  79  78  77  76  75  74  73  72  71   #  69  68  67  66  65  64  63  62  61  60  59  58  57  58  57   #  53  52  51  50  49  48  47  46  45  44  43  42  41  40  39  38  37  36  35  34  35  36  37  38  39  40  41  42  43  44  45  46  47   #  49  50  51  52  53  54  55   #  57  58  59  60  61  62  63  64  65  66  67  68  69  70  71  72   #  74  75  76  77  78  79  80  81  82  83  84   #  86   #  88  89  90  91  92  93  94  95  96  97  98  99 │
│  98  97  96  95  94  93  92  91  90  89   #  87  86  85  84   #  82  81  80  79   #   #  76  75  74  73  72  71  70  69  68  67  66  65  64  63  62  61  60  59  58  57  56  57  58   #  52   #  50   #  48  47  46  45  44  43  42  41  40  39  38  37  36  35  34  33  34  35   #  37  38  39  40  41   #  43  44  45  46  47  48  49  50  51  52  53  54  55  56   #  58  59  60  61  62  63  64  65  66  67  68  69  70  71  72  73   #  75  76  77  78  79  80  81  82  83  84  85  86  87  88  89  90  91  92   #  94  95  96  97  98 │
│  97  96  95  94  95   #  91  90  89  88  87  86  85  84  83  82  81  80  79  78  77  76  75  74  73  72  71  70  69  68  67  66  65  64  63  62  61  60  59  58  57  56  55  56   #  52  51  50  49   #  47  46  45  44  43  42  41  40  39  38  37  36  35  34  33  32  33  34  35  36  37  38   #  40  41  42  43  44  45  46  47  48  49   #  51  52  53  54  55  56  57  58   #  60  61  62  63  64  65  66  67  68  69  70  71  72  73  74  75  76  77  78  79  80  81  82  83   #  85  86  87  88  89  90  91  92  93  94  95  96  97 │
│  96  95   #  93   #  91  92   #  88  87  86  85  84  83  82  81   #  79  78  77   #  75  76   #  72  71  70  69  68  67  66  65  64  63  62  61  60  59  58  57  56  55  54   #  52  51  50  49  48  47  46  45  44  43  42  43   #  41  40   #  36  35  34   #  32  31  32  33  34  35   #  37   #  39  40  41   #  43  44  45  46  47  48  49  50  51  52  53  54   #  56  57  58  59  60   #  62  63  64  65  66  67  68  69  70  71  72  73  74  75  76   #  78  79  80  81  82  83  84  85  86  87  88  89  90  91   #  93  94  95  96 │
│  95  94   #  92  91  90  91   #  87  86   #   #  83  82  81  80  79  78  77  76  75  74   #  72  71  70  69  68  67  66  65  64  63  62   #  60  59  58  57  56  55  54  53  52  51  50  49  48  47  46  45  44  43  42  41  42  41   #   #  36  35  34  33  32  31  30  31  32  33  34  35  36  37  38  39   #  41  42  43   #  45  46  47  48  49  50  51  52  53  54  55  56  57  58  59  60  61  62  63  64  65  66  67  68  69  70  71  72  73  74  75   #  77  78   #  80  81  82  83   #  85  86  87  88  89  90  91  92   #  94  95 │
│  94  93  92  91  90  89   #  87  86  85  84  83  82  81  80   #  78  77  76  75  74  73  72  71  70  69  68  67  66  65  64  63  62  61  60   #  58   #  56  55  54  53  52  51  52   #  48  49   #  45   #  43  42  41  40   #  40  41   #   #  34  33  32   #  30  29  30  31  32  33  34  35  36   #   #  39  40  41  42  43  44   #  46  47  48  49   #  51  52  53  54  55  56  57  58  59  60   #  64  63  64  65  66  67  68  69  70  71  72  73  74  75  76  77  78  79  80  81   #  83  84  85  86   #  88  89  90  91  92  93  94 │
│  93   #  91   #   #  88  87  86  85  84   #  82  81  80  79  78   #  76  75  74  73  72  71  70  69  68  67  66  65  64  63  62  61  60  59   #  57  56  55  54  53   #  51  50   #  48  47   #  45  44  43  42   #  40  39  38  39   #  35  34  33  32  31  30   #  28  29  30  31  32  33  34  35  36  37  38   #  42  41  42  43  44  45   #  47  48  49  50   #  52  53  54  55  56  57  58  59  60   #  62  63  64  65  66  67  68  69   #   #  72  73   #  75   #  77  78   #   #  81  82  83  84  85  86  87  88  89  90  91  92  93 │
│  92  91  90  89  88  87  86  85   #  83  82   #  80  79  78  77  76   #  74  73  72  71  70   #  68  67  66  65  64  63  62   #  60   #  58  57  56  55  54  53  52  51  50  49  48  47  46  45  44  43  42  41  40  39  38  37   #  35  34  33  32  31  30  29  28  27  28  29  30  31  32  33  34  35  36   #   .   #  40  41  42  43  44  45  46   #   #  49  50  51  52  53  54  55  56  57  58  59  60  61  62  63  64  65  66  67  68  69  70  71  72  73  74  75  76  77  78  79  80  81  82  83   #  85  86   #  88  89  90  91  92 │
│  91  90   #  88  87  86  85  84  83  82  81   #  79  78  77  76  75  74  73  72  71  70  69  68  67  66  65  64  63  62  61  60  59  58  57  56  55   #  53  52  51  50  49  48  47   #  45  44  43  42  41  40  39  38  37  36  35  34  33  32  31  30  29  28  27  26  27  28  29  30  31  32  33  34  35  36   #  38  39  40  41  42   #   #  45  46  47  48  49  50  51  52  53   #  55  56   #  58   #   #  61  62  63  64  65  66  67  68  69  70  71  72  73  74  75  76  77  78  79  80  81  82  83  84  85  86  87  88  89  90  91 │
│  90  89  88  87  86  85  84  83  82  81  80  79  78  77  76  75  74  73  72  71  70  69  68  67  66  65  64  63  62  61   #  59  58  57  56  55  54  53  52  51  50  49  48  47  46  45  44  43  42  41  40   #  38  37  36  35  34  33  32  31  30  29  28  27  26  25  26  27  28  29  30  31  32  33   #  35  36  37  38  39   #  43  42   #  44  45  46  47  48  49  50  51  52  53  54  55  56  57  58  59  60  61  62  63  64  65  66  67  68  69  70  71  72   #  76  75  76  77  78  79  80  81  82  83   #  85  86  87  88  89  90 │
│  89  88  87  86  85  84  83  82   #  80   #  78  77  76  75  74  73  72  71  70  69  68  67  66  65  64  63  62  61  60  59  58   #  56  55  54  53  52  51   #  49  48  47  46  45   #  43  42  41  40  39  38  37  36  35  34  33  32  31   #   #  28  27  26  25  24  25  26  27  28  29  30  31  32  33  34   #  36  37  38  39   #  41   #  43  44  45   #  49  48  49  50  51  52  53  54  55  56  57  58  59  60  61  62  63  64  65  66  67  68  69  70  71  72   #  74  75  76   #  78  79  80  81   #  83  84  85  86  87  88  89 │
│  88  87  86  85  84  83  82  81   #  79  78  77  76  75  74  73  72  71  70  69  68  67  66  65  64  63  62  61   #  59   #  57   #   #  54   #   #  51  50  49  48  47  46  45  44  43  42  41  40  39  38  37  36  35  34  33  32  31  30  29  28   #  26   #  24  23  24  25  26  27  28  29  30  31  32  33  34  35  36  37  38  39  40  41  42  43  44  45   #  47  48  49  50  51  52  53  54  55  56  57  58  59  60  61  62  63  64  65  66  67  68  69  70  71  72  73  74  75  76  77   #  79  80   #  82  83  84   #  86   #  88 │
│  87  86  85  84  83  82  81  80  79  78  77  76  75   #   #  72  71  70  69  68  67  66  65  64  63  62  61  60  59  58  57  56   #  54  53  52  51  50  49   #  47   #  45   #   #  42  41  40  39  38  37  36   #  34  33  32  31  30  29  28  27  26  25  24  23  22  23  24  25  26  27  28  29  30  31  32  33  34   #  36  37  38  39  40  41  42  43  44  45  46  47  48  49  50  51  52  53  54  55  56  57  58   #  60  61  62  63  64  65  66  67  68  69  70  71  72  73  74  75  76   #  78  79  80  81  82  83  84  85  86  87 │
│  86  85   #   #  82  81  80  79  78   #  76  75  74  73  72  71  70  69  68  67  66  65  64  63  62  61  60  59  58  57  56  55  54  53  52  51   #   #  48  47  46  45  44  43  42  41  40  41   #  37  36  35  34   #  32  31  30  29  28  27  26  25  24  23  22  21  22  23  24  25  26  27  28  29  30  31  32  33  34  35  36  37  38   #   #  43  42  43  44  45   #   #   #  49  50  51  52  53  54   #  56  57  58  59  60  61  62  63  64  65  66  67  68  69  70  71  72  73  74  75  76  77  78  79  80  81  82   #  84  85  86 │
│  85  84  83   #  81  80  79  78  77  76  75   #  73  72  71   #  69  68  67  66  65  64  63  62  61  60  59  58  57  56   #  54  53  52  51  50  49  48  47  46  45  44  43  42  41  40  39   #  37   #  35  34  33  32  31   #  29  28   #  26  25  24  23  22  21  20  21  22  23  24  25  26  27  28  29  30  31   #  33  34   #  38  37  38   #   #  41  42  43  44   #  46  47  48  49   #  51  52  53  54  55  56  57   #  59  60  61  62  63  64  65  66  67  68  69   #  71  72  73  74  75  76  77  78  79   #  81  82  83  84  85 │
│  84  83  82  81  80   #  78  77  76  75  74  73  72   #  70  69  68  67  66  65  64  63  62   #  60  61   #  57  56  55  54  53  52  51   #   #  48  47  46  45  44  43  42  41  40  39  38  37  36   #  34   #   #  31  30  29   #  27  26  25  24  23  22  21   #  19  20  21  22  23  24  25  26  27  28  29  30  31  32  33  34   #  36  37  38  39  40  41  42  43  44  45   #  47  48  49  50  51  52  53  54  55  56  57  58   #  62  61  62  63  64  65  66  67  68  69  70  71  72  73  74  75  76   #  78  79  80  81  82  83  84 │
│  83  82  81  80  79  78  77  76  75  74  73  72  71  72   #  68  67  66  65  64  63  62  61  60  59   #   #  56  55  54  53  52  51  50  49  48  47  46  45  44  43  42  41  40  39  38  37   #  35  34  33  32  31  30   #  28  27  26   #   #  23  22  21  20  19  18  19  20  21  22  23  24  25  26  27  28  29  30  31  32  33  34  35  36  37  38  39  40  41  42  43  44  45  46   #  48   #  52  53  52  53  54  55  56   #   .   #  60  61  62  63  64  65  66  67  68  69  70  71  72  73   #  77  76  77  78  79  80  81  82  83 │
│  82  81   #  79  78  77  76  75   #  73  72   #  70   #  68  67  66  65  64  63  62  61  60  59  58  57  56   #  54  53  52  51  50  49  48  47  46  45  44  43  42  41  40  39   #  37  36  35  34  33  32  31  30  29  28  27  26  25  24  23  22  21  20  19  18  17  18   #  20   #  22  23  24  25  26  27  28  29  30  31  32  33  34  35  36  37  38   #   #  41  42  43  44  45  46  47   #   #   #  51   #  53  54  55  56   #  60  59  60  61  62  63  64  65  66  67  68  69  70  71   #   #  76  75  76  77  78  79  80  81  82 │
│  81  80  79  78  77  76  75  74  73  72  71  70  69  68  67  66  65  64  63  62   #  60  59  58  57  56  55  54  53  52   #  50  49  48   #  46  45  44  43  42  41  40  39  38  37  36  37   #  33   #  31  30  29  30  29  28   #  24  23  22  21  20  19  18  17  16  17   #  19  20  21  22  23  24  25  26   #  30  29  30  31  32  33  34  35  36  37  38  39  40  41  42  43  44  45  46  47  48  49  50  51  52  53   #  55  56   #  58   #  60  61  62  63  64  65  66  67  68  69  70  71   #   #  74  75  76  77  78  79  80  81 │
│  80  79  78  77  76  77  76   #  72  71  70   #  68  67  66  65  64  63  62  61  60  59   #  57  56  55  54  53  52  51  50  49   #  47  46  45  44  43  42  41  40   #  38  37  36  35   #  33  32  31  30  29  28   #   #   #  24  23  22  21  20  19  20   #  16  15   #  17  18  19  20  21  22  23  24  25   #   #  28  29  30  31   #  33  34  35  36  37  38  39  40  41  42  43  44  45  46   #  48  49  50  51  52  53  54   #  56  57   #  59  60  61  62  63  64  65  66  67  68   #  70  71  72  73  74  75  76  77  78  79  80 │
│  79  78  77  76  75   #   #   .   #  70  69  68  67  66  65  64  63  62  61  60  59  58  57  56  55  54  53  52  51  50  49  48  47  46  45  44  43  42  41  40  39  38   #  36  35  34  33  32   #  30  29  28  27  26  25  24  23  22  21  20  19  18   #   .   #  14  15  16  17  18  19  20   #  24  25   #   #  26  27  28  29  30  31  32  33  34  35  36  37  38   #  40  41  42  43  44  45  46  47  48  49  50  51  52  53  54  55  56  57  58  59  60  61  62  63  64  65  66  67  68  69  70  71  72  73  74  75  76  77  78  79 │
│  78  77  76  75  74  73  72   #  70  69  68  67  66  65  64  63  62  61  60  59  58  57  56  55  54  55   #   #  50   #   #  47  46   #  44  43  42  41  40  39  38  37  36  35  34  33   #  31  30  29  28  27  28   #  24  23  22   #  20  19  18  17   #   #  14  13  14  15  16  17  18  19   #   #  26   #  24  25  26  27  28  29  30  31  32  33  34  35  36  37  38  39   #  41  42  43  44   #  46  47   #  51  50   #   #  55  54  55  56  57  58  59  60  61  62  63  64  65  66  67  68  69  70  71  72  73  74  75  76  77  78 │
│  77  76   #   #  75   #  71  70  69  68  67  66  65  64  63  62  61  60  59  60   #   #   #  54  53   #  51  50  49  48  47  46  45  44   #  42  41  42   #  38  37  36   #  34  33  32  31  30  29  28  27  26   #  24  23  22  21  20  19  18  17  16  15  14  13  12  13  14  15  16  17  18  19  20   #  22  23  24  25   #  27  28  29  30  31  32  33   #   #  36  37  38  39  40  41  42  43  44  45  46  47   #  49  50  51   #  53  54  55  56  57  58  59  60  61  62  63  64  65  66  67  68  69  70   #  72  73  74  75  76  77 │
│  76  75  74  73   #  71  70  69  68  67  66  65  64  63  62  61  60  59  58   #  56  55  54  53  52  51  50  49  48  47  46   #  44  43  42  41  40   #   #  37  36  35  34  33  32  31  30  29  28  27  26  25  24  23  24   #   #  19  18  17   #   #  14  13  12  11  12  13  14   #  16  17  18   #  20  21  22  23   #  25  26  27   #  29  30  31  32  33  34  35  36  37  38  39  40   #  42  43   #  45  46  47  48  49  50  51  52  53  54  55  56  57  58  59  60  61  62  63  64  65  66  67  68  69  70  71  72  73  74   #  76 │
│  75  74  73  72  71  70  69  68  67  66  65  64  63  62  61  60  59  58  57  56  55  54  53  52  51   #  49  48  47  46  45  44  43  42  41   #  39  38  37  36  35  34  33  32  31  30  29  28  27  26  25  24  23  22   #   #  19  18  17  16  15  14  13  12  11  10  11  12  13  14  15  16   #  18  19  20  21   #  23  24  25   #  27  28  29  30  31  32  33  34  35  36  37   #  39  40  41  42  43  44   #  46  47   #  49  50  51  52   #   #   #   #  57  58  59  60  61  62  63  64  65  66  67  68  69   #  71  72  73  74  75 │
│  74  73  72  71  70  69  68  67  66  65  64  63  62  61  60  59  58  57  56  55  56   #  52  51  50   #  48  47  46  45   #  43  42  41  40  39  38  37  36   #  34  33  32  31  30  29  28  27  26  25  24   #  22  21  20  19  18  17  16  15  14  15   #  11  10   9  10  11  12  13  14  15  16  17  18  19  20  21  22  23  24  25  26   #  30  29   #  31  32   #  34  35  36  37  38  39  40  41  42  43   #  45  46  47  48  49  50  51  52  53  54  55  56  57  58  59  60  61  62  63  64  65  66  67  68  69  70  71  72  73  74 │
│  73   #  71  70  69  68  67  66  65  64  63  62  61  60  59  58  57  56  55  54   #  52  51  50  49  48  47  46  45  44  43  42  41  40  39  38  37  36  35   #  33  32  31  30  29  28  27  26   #  24  23  22  21  20  19  18  17  16  15  14  13   #  11   #   9   8   9  10  11  12  13  14  15  16  17  18  19  20   #  22  23  24  25   #  29  28  29  30  31  32  33  34  35  36  37  38  39  40  41   #  43  44  45  46  47  48  49  50   #  52  53  54  55   #   #  58  59  60  61  62  63  64  65  66  67  68  69   #   #  72  73 │
│  72  71  70  69  68  67  66  65  64  63  64  63  62  61  60   #  56  55  54  53   #  51   #  49  48  47  46  45  44  43  42  41   #  39  38  37   #  35  34  33  32  31  30  29   #  27  26  25   #  23  22  21  20  19  18  17   #  15  14  13  12  11  10   9   #   7   8   9  10  11  12  13  14  15  16  17  18  19  20  21  22   #  24   #   #  27  28  29  30  31  32  33  34  35  36  37  38  39  40  41  42   #  44  45  46  47  48  49  50  51  52  53  54  55  56  57  58  59  60   #  62  63  64  65  66  67  68  69  70  71  72 │
│  71  70  69  68  67  66  65  64  63  62  63  64  63  62   #  56   #  54  53  52  51  50  49  48   #  46  45  44   #  42  41  40  39   #  37  36  35  34  33  32   #  30  29  28  27  26  25  24  23  22  21  20  19  18   #  16  15  14  13  12  11  10   9   8   7   6   7   8   9  10  11  12  13  14   #   #  17  18  19   #  21  22  23  24  25  26  27   #   #  32  31  32  33  34  35   #   #  38  39  40  41  42  43  44  45  46  47  48  49  50  51  52  53  54  55  56  57  58  59  60  61  62  63  64  65  66  67  68  69  70  71 │
│  70  69  68  67  66  65  64  63  62  61   #   #  64   #  56  55   #  53  52  51  50  49  48  47   #   #  44  43  42  41  40  39  38  37   #  35   #   #  32  31  30  29  28  27   #  25  24  23  22  21  20  19  18  17  16  15  14   #  12   #  10   9   #   #   6   5   6   7   8   9  10  11  12  13  14  15  16  17  18   #  20  21  22   #  24  25  26  27  28   #  30  31  32   #  36  35  36  37  38  39  40  41  42  43  44  45   #  47  48  49  50  51  52   #  54  55  56  57  58  59  60  61  62  63  64  65  66  67  68  69  70 │
│  69  68  67  66  65  64  63  62   #  60   #  58   #  56  55  54  53  52  51  50  49  48  47  46  45  44  43  42  41  40  39  38  37  36  35  34  33  32  31  30  29  28  27  26  25  24  23  22  21  20  19  18  17   #   #  14  13  12  11   #   9   8   #   6   5   4   5   6   7   8   9  10  11  12  13  14  15  16   #  20  19  20  21  22  23  24   #   #  27  28  29  30  31  32   #  34  35  36  37  38  39   #  41  42  43  44  45  46  47  48  49  50  51   #  53  54   #   #  57  58  59  60  61  62  63  64  65  66  67  68  69 │
│  68  67  66  65  64  63  62  61  60  59  58  57  56  55  54  53  52  51  50  49  48  47  46  45  44  43  42  41  40  39  38  37  36  35  34  33  32  31   #  29  28  27  26  25  24  23  22  21  20  19  18  17  16  15  14  13  12  11  10   9   8   7   6   #   4   3   4   5   6   7   8   9  10   #  12  13  14  15  16   #  18  19  20  21  22  23  24  25  26  27  28  29  30  31  32  33  34  35  36   #  40  39  40  41  42  43  44  45  46  47  48  49  50  51  52  53  54  55  56  57  58  59  60  61  62  63  64  65  66  67  68 │
│  67  66  65  64  63  62  61  60  59  58  57  56  55  54  53  52  51  50  49  48  47  46  45  44  43   #  41  40  39  38   #  36  35  34  33  32  31  30   #  28  27  26  25  24  23  22  21  20  19  18  17  16  15  14  13  12  11  10   #   8   7   #   5   4   #   2   #   4   5   6   7   8   #  10  11  12  13  14  15  16  17  18  19  20  21  22  23  24  25  26  27   #  29  30  31  32  33  34   #   #  39  38  39  40  41  42  43  44  45  46  47  48  49  50  51  52  53  54  55  56  57  58  59   #  61  62  63  64  65  66  67 │
│  66  65  64  63  62  61   #  59  58  57  56   #  54  53  52  51  50  49  48   #  46  45  44  43  42  41  40  39  38  37  36  35  34   #  32  31  30  29  28  27  26  25  24  23  22  21  20  19  18  17  16  15  14  13  12  11  10   9   8   #   6   5   4   3   2   1   2   3   #   5   #   7   8   9   #  11  12  13  14  15   #  17  18   #  20  21  22  23   #  25  26  27  28  29  30   #  32  33  34  35   #  37   #  39  40  41  42  43  44  45   #  47  48  49  50  51  52  53  54  55  56  57   #  59  60  61  62  63  64  65  66 │
│  65  64  63  62  61  60  59  58  57  56  55  54  53  52  51  50  49  48  47  46  45  44  43  42  41  40  39  38  37  36  35  34  33  32  31  30  29  28  27  26  25  24  23  22  21  20  19  18  17  16  15  14  13  12  11  10   9   8   7   6   5   4   3   2   1   0   1   2   3   4   5   6   7   8   9  10  11  12  13  14  15  16  17  18  19  20  21  22  23  24  25  26  27  28  29  30  31  32  33  34  35  36  37  38  39  40  41  42  43  44  45  46  47  48  49  50  51  52  53  54  55  56  57  58  59  60  61  62  63  64  65 │
│  66  65  64  63  62  61  60  59  58  57  56   #  54  53  52   #  50  49  48  47  46   #  44  43  42  41  40  39  38  37  36  35  34  33  32  31  30  29  28  27  26  25  24  23   #  21  20  19  18  17  16  15   #  13  12  11  10   9   8   7   6   5   4   3   2   1   #   3   #   5   6   7   8   9  10  11  12  13  14  15  16   #  18   #   #  21   #  23  24  25   #  27  28  29  30  31  32  33  34   #  36  37  38  39  40  41  42   #  44  45  46  47  48  49  50  51   #  53  54  55  56  57  58  59   #   #  62  63  64  65  66 │
│  67  66  65  64  63  62  61  60  59  58  57  56  55  54  53  54   #  50  49   #  47  46  45  44  43  42  41  40   #  38  37  36   #  34  33  32  31  30  29  28  27  26  25  24  23  22  21  20  19  18  17  16  15  14   #  12  11  10   9   8   7   6   5   4   3   2   3   4   5   6   #   8   9  10  11  12  13  14  15  16  17  18  19  20  21  22  23  24  25  26  27  28  29  30  31  32  33  34   #   #  37  38  39  40  41   #  43  44  45  46  47  48  49  50  51   #  55  54  55  56  57  58  59  60  61  62  63  64  65  66  67 │
│  68  67  66  65  64  63  62  61  60  59  58  57  56   #   #  55   #   #  50   #  48  47  46   #  44  43  42  41  40  39  38  37   #  35  34   #  32  31  30   #  28  27  26  25  24  23  22  21  20  19  18  17  16  15  14  13  12  11  10   9   #   7   6   5   #   3   4   5   6   7   8   9  10  11  12  13  14  15  16  17  18  19  20  21  22  23  24  25   #  27  28  29  30  31  32  33  34  35  36  37  38   #  40  41  42  43  44  45  46  47  48  49  50  51  52  53  54  55  56  57  58  59  60  61  62  63  64  65  66  67  68 │
│  69  68  67  66  65  64  63  62  61  60  59  58  57  58  57  56   #  52  51  50  49   #  47   #  45   #  43  42  41   #  39  38  37  36  35  34  33  32  31  30  29  28  27  26  25   #  23  22  21  20  19  18  17  16  15  14  13   #  11  10   9   8   7   6   5   4   5   6   7   8   9  10  11  12  13  14  15  16  17  18  19  20  21  22  23  24  25  26   #   #  29  30  31  32  33  34  35  36  37  38  39  40  41  42  43  44  45  46  47  48  49  50  51  52   #  54  55  56  57  58  59  60  61  62  63  64  65  66  67  68  69 │
│  70  69  68  67  66  65  64  63  62  61  60  59  58  57  56  55  54  53  52  51  50  49  48  47  46  45  44  43  42  41  40  39  38  37  36  35  34  33  32   #  30  29  28  27  26   #  24  23  22  21  20  19  18  17  16  15  14   #  12  11  10   9   8   7   6   5   6   #   8   9  10  11  12  13  14  15  16  17  18  19  20  21  22  23  24  25  26   #  30  31   #  31  32   #  34  35  36  37  38  39  40  41  42  43  44  45  46  47  48  49  50   #  52  53  54  55  56  57  58  59  60   #  62  63  64  65  66  67  68   #  70 │
│  71  70   #  68  67  66  65  64  63  62  61  60  59  58  57  56  55  54   #  52  51  50  49   #  47   #  45   #  43  42  41  40  39  38  37  36  35  34  33  32  31  30  29  28  27  26  25  24  23  22  21  20  19  18  17  16   #  16   #  12  11   #   9   8   7   6   7   8   9  10  11  12  13  14   #  16  17  18  19  20  21  22  23  24   #  26  27  28  29  30  31   #  33  34  35  36  37  38  39  40   #  42  43  44  45   #  47  48  49  50  51  52  53  54  55  56  57  58  59  60  61  62  63  64  65  66  67  68   #  72  71 │
│  72  71  72   #  68  67  66  65  64  63  62  61  60  59  58  57  56  55  54  53  52  51  50  49  48  49   #  45  44  43  42   #  40   #  38  37  36  35  34  33  32  31  30  29  28  27  26  25  24  23  22  21  20  19   #   #  16  15  14  13  12  11  10   9   8   7   #   9  10  11  12  13  14   #  18  17  18   #  20  21  22  23  24  25  26  27   #  29  30  31  32   #  34  35  36  37  38  39  40  41  42  43  44  45  46  47  48  49  50  51  52  53  54   #  56   #  58  59  60  61  62  63  64  65  66  67  68   #  72   #  72 │
│  73  72  71  70  69  68  67  66  65  64  63  62  61  60  59   #  57  56  55   #  53  52  51  50  49  48  47  46  45  44  43  42  41  40  39  38  37  36  35  34  33  32  31  30  29  28  27  26  25  24  23  22  21   #   #  18  17  16   #  14   #  12  11  10   9   8   9  10   #  12  13  14   #  18  19  18  19  20  21  22  23  24  25  26   #  28  29  30  31  32  33  34  35  36  37  38  39  40  41  42  43  44  45  46   #  48  49  50  51  52  53  54  55  56  57  58   #  60  61  62  63  64  65  66  67  68  69  70  71  72  73 │
│  74  73  72  71  70  69  68  67  66  65  64  63  62  61  60  61   #  57  56  55  54  53  52   #  50  49  48  47  46  45  44  43  42  41  40  39  38   #  36   #  34  33  32   #   #  29  28  27   #   #  24  23  22  21  20  19   #  17  16  15  14  13  12   #  10   9   #  11  12  13  14  15  16  17  18  19  20   #  22  23   #  25  26  27  28  29  30   #  32  33  34  35  36  37  38  39  40  41  42  43  44  45  46  47  48  49  50  51  52  53  54  55  56  57  58  59  60  61  62  63  64  65  66  67  68  69  70  71  72  73  74 │
│  75  74  73  72  71  70  69  68  67  66  65  64  63  62  61  60  59  58   #  56   #  54  53  52  51  50   #  48   #   #  45  44  43  42  41   #  39  38  37  38   #  34  33  32  31  30  29  28  27  26  25  24  23  22  21  20  19  18  17  16  15  14  13  12  11  10  11   #   #  14   #  16   #  18  19  20  21   #  23  24  25  26  27  28  29  30  31   #  33  34  35   #  37  38  39  40  41   #  43  44  45  46  47  48  49  50   #  52  53  54   #   #  57   #  59  60  61  62  63  64  65  66  67  68  69  70  71  72  73   #  75 │
│  76  75  74  73  72  71  70  69  68  67  66  65  64  63  62  61  60  59  58  57  56  55  54  53   #  51  50  49   #  47  46  45  44  43  42  41  40  39  38  37  36  35  34   #  32  31  30  29   #  27  26  25  24  23  22  21   #  19  18  17  16  15  14   #  12  11  12  13  14  15   #  17  18  19  20  21  22   #  24  25   #  27  28  29  30  31  32  33  34  35  36  37  38  39  40  41   #   #  44  45  46  47  48  49  50  51  52  53  54  55  56   #   #  61  60  61  62  63  64  65  66  67  68  69  70  71  72  73  74  75  76 │
│  77  76   #  74  73  72   #   #  69  68  67  66  65  64  63  62  61  60  59  58  57   #  55  54  53  52  51  50  49  48  47  46  45  44  43  42  41  40  39  38   #  36  35  34  33   #  31  30  29  28  27  26  25  24  23  22  21  20  19  18  17  16  15  14  13  12  13  14  15   #  19  18  19  20  21  22  23  24  25  26   #  28  29  30   #   #  33  34  35  36  37  38  39  40  41  42  43  44  45  46  47  48  49  50  51  52  53  54   #  56  57   #  61  62   #  62  63  64  65  66  67  68  69  70  71   #  73  74  75   #  77 │
│  78  77  76  75   #   #  74   #  70  69  68  67  66  65  64  63  62  61   #  59  58  59   #  55  54  53  52  51  50  49  48  47  46   #  44  43  42  41  40  39  40   #  36  35  34   #  32  31  30  29  28  27  26  25  24  23  22  21   #  19   #  17  16  15  14  13  14  15  16  17   #  19  20   #  22  23  24   #  26   #  30  29  30  31  32  33  34   #   #  37  38  39  40  41  42   #  44  45   #   #   #  49  50   #  52  53  54  55  56  57  58  59  60   #  64  63  64  65  66  67  68  69  70  71  72  73  74  75  76  77  78 │
│  79  78  77  76  75  74  73  72  71   #  69  68  67  66  65  64  63  62  61  60  59  60  59   #  55  54  53   #  51  50  49  48  47  46  45  44  43  42   #  40  39  38  37  36  35  34  33   #  31  30   #   #  27  26  25  24  23  22  21  20  19  18  17  16  15  14  15  16  17  18   #  20  21   #  23  24  25  26  27  28  29  30  31  32  33  34  35  36  37  38  39  40  41  42  43  44  45  46  47   #  51  50  51  52  53   #  55  56  57   #  59  60  61  62  63  64  65  66  67  68  69  70  71  72   #  74  75  76  77  78  79 │
│  80  79  78  77  76  75  74   #  72  71  70   #  68  67  66  65  64  63  62  61  60  59  58  57  56   #  54   #  52  51  50  49   #   #   #  45  44  43  42  41  40  39  38  37  36  35  34  33  32  31  32   #  28  27  26   #  24  23  22  21  20  19  18  17  16  15  16  17  18  19  20  21  22   #  24   #  26  27  28  29  30  31  32  33  34  35  36  37  38   #  40  41  42  43  44  45  46  47  48  49  50  51  52  53  54  55  56  57   #   #  60  61  62  63  64  65  66  67  68  69  70  71  72  73  74   #  76  77  78  79  80 │
│  81  80  79  78   #  76  75  74  73   #   #  70  69  68  67  66  65  64  63  62  61  60  59  58  57   #  55  54  53  52  51  50   #  48  47  46  45  44   #  42  41  40  39  38   #  36  35  34   #  32  33   #  29  28  27  26  25  24  23  22  21  20  19  18   #  16  17  18   #   #  21  22  23  24  25  26  27   #  29   #  31  32  33  34   #  36  37  38   #  42  41  42  43  44  45  46  47   #   #  50   #  52  53   #  55  56  57  58  59  60  61  62  63  64  65  66  67  68  69   #  71  72  73   #  75  76  77  78  79  80  81 │
│  82   #  80  79   #  77  76  75  74   #  72  71  70  69  68  67  66  65  64  63  62  61   #  59  58  57  56  55  54  53  52  51   #  49  48  47  46  45  44  43  42  41  40  39   #  37  36  35  34  33  34   #  30  29  28   #  26  25  24  23  22  21  20  19  18  17  18  19   #  23  22  23  24  25  26  27  28  29  30  31   #  33  34  35  36  37  38   #   #  43  42  43  44   #  46  47  48  49  50  51  52  53   #  57  56  57  58  59  60  61  62  63  64  65  66  67  68  69  70  71  72  73  74  75  76  77  78  79  80   #  82 │
│  83  82  81  80   #   #   #  76  75  76   #  72  71  70  69  68  67  66  65  64  63  62  61  60  59  58  57  56   #  54  53  52  51  50  49  48   #  46  45  44  43  42  41  40  39  38  37  36  35   #  35   #  31  30  29  28  27  26  25  24  23   #  21  20  19  18  19  20  21  22  23  24  25  26  27  28  29  30  31  32  33   #  35   #   #  38  39  40  41  42  43  44  45  46  47  48  49   #  51  52  53  54  55  56  57  58  59  60  61  62  63  64  65  66  67  68  69  70   #  72  73  74  75  76  77  78  79  80  81  82  83 │
│  84  83  82  81  80  79  78  77   #  75  74  73  72  71  70  69  68  67  66  65  64  63  62  61  60  59  58  57  56  55  54  53  52  51  50  49  48  47  46  45   #  43  42  41  40  39  38  37  36  37  36   #  32  31  30  29  28  27  26  25  24  23  22  21  20  19  20  21   #  23  24  25  26  27  28   #  30  31  32  33   #  37  36  37  38  39  40  41  42  43  44  45  46  47   #  49  50  51  52  53  54  55  56  57  58   #   #  61  62  63  64  65  66  67  68  69  70   #  74  73  74  75  76   #  78  79   #   #  82  83  84 │
│  85  84  83  82   #  80  79  78  77  76   #   #   #  72  71  70  69  68  67  66  65  64  63  62  61  60  59  58  57  56  55  54   #   #  51  50   #   #  47   #   #  44  43  42   #  40  39   #   #  38  37  36   #   #  31  30  29   #  27  26  25  24   #  22  21  20  21  22  23  24   #  26  27  28  29  30  31  32  33  34  35  36  37  38  39  40  41  42  43   #  45  46  47  48  49  50  51  52   #  54  55   #  57  58  59  60  61  62  63  64  65  66  67  68  69  70  71  72  73  74  75   #  77  78  79  80  81  82  83  84  85 │
│  86  85   #  83   #  81  80  79  78  77  76  75  74  73  72  71  70   #  68  67  66  65  64  63  62  61  60  59  58  57  56  55  56  55   #  51  52  53   #  49   #  45  44  43  42  41  40  41   #  37  36  35  34  33  32  31  30  31   #  27  26  25  24  23   #  21   #  23  24  25  26  27   #  29  30  31  32  33  34  35  36  37  38  39  40  41   #  43  44  45  46  47   #  49  50   #  52  53  54  55  56  57  58  59  60  61  62  63  64  65  66  67  68  69  70  71  72   #  74  75   #   #  78  79  80  81  82  83  84  85  86 │
│  87  86  85  84  83  82  81  80  79  78  77  76   #  74   #  72  71   #  69  68  67  66  65  64  63  62  61  60  59  58  57  56  55  54  53  52  53  52   #  48  47  46  45  44   #  42  41  40  39  38  37  36  35  34  33   #  31   #  29  28  27  26  25  24  23  22  23  24  25  26  27  28  29  30  31  32  33   #  35  36  37  38  39  40  41  42  43  44  45  46  47  48  49  50  51  52  53  54   #  56  57   #  59  60  61  62  63  64  65  66  67  68  69  70  71  72  73  74  75  76  77  78  79  80  81   #  83  84   #  86  87 │
│  88  87  86  85   #  83  82  81  80   #  78  77  76  75  76   #  72  71  70  69  68  67  66  65  64  63  62  61  60  59  58  57  56  55   #   #  52  51  50  49  48  47  46  45  44  43  42  41  40  39  38  37   #  35  34   #  32  31  30   #  28  27  26  25  24  23  24   #   #  27  28  29  30  31  32  33  34  35  36  37  38  39  40  41   #  43  44  45  46  47   #   #  50  51   #  53  54  55  56  57  58  59  60  61  62  63  64  65  66  67  68   #  70  71   #   #  74  75   #   #  78  79  80   #  82  83  84  85  86  87  88 │
│  89  88  87  86  85  84  83  82  81  80  79  78  77  76  75  74  73  72   #  70  69  68  67  66  65  64  63  62  61  60  59  58  57  56  55  54  53  52  51  50  49  48  47  46  45  44  43  42  41   #   #  38  37  36  35  34  33  32  31  30  29  28  27  26  25  24  25   #  29  28  29  30   #  32  33  34  35   #  37  38  39  40  41  42  43  44  45  46  47  48  49  50  51  52  53  54  55  56  57  58  59  60  61  62  63  64  65  66  67  68  69  70  71  72  73  74  75  76   #  80  79  80   #  84  83  84   #   #  87  88  89 │
│  90  89  88  87  86  85  84  83  82  81  80  79  78   #   #  75  74  73  72  71  70  69  68  67  66  65  64  63  62  61  60  59  58  57  56  55  54  53  52   #  50  49  48  47   #  45  44  43  42  41  40  39  38   #   #  35  34  33  32  31  30   #  28  27  26  25  26  27  28  29  30  31  32  33  34   #  36   #  38  39  40   #  42  43  44  45  46  47  48  49  50  51  52  53  54  55  56  57   #  59  60  61  62  63  64  65  66  67  68   #  70  71   #  73   #  75  76  77  78  79   #  81  82  83  84  85  86  87   #  89  90 │
│  91  90  89  88   #  86   #  84  83   #  81  80  79   #  77  76   #  74  73  72  71  70  69  68  67  66  65  64  63  62  61  60  59  58  57   #  55  54   #  52  51   #  49  48   #  46   #  44  43  42  41  40  39   #  37  36   #  34  33   #  31   #  29  28  27  26  27   #   #   #   #  32  33  34  35  36  37   #  39  40  41  42  43  44  45  46  47  48  49   #   #  52   #  54  55  56  57   #  61  60   #  62  63  64  65  66  67  68  69  70  71  72  73  74  75   #  77  78  79  80  81  82  83  84  85  86  87  88   #  90  91 │
│  92   #  90  89  90   #  86  85  84  83  82  81  80  79  78  77  76  75  74  73  72  71  70  69  68  67  66  65  64  63  62  61  60  59  58  57  56  55  56   #  52  51  50  49  48  47  46  45  44  43  42  41   #   #  38  37  38   #  34  33  32  31  30  29  28  27  28  29  30  31  32  33  34  35  36  37  38  39   #  41   #  43  44   #  46  47  48  49   #  55  54  53  54  55  56  57   #  63  62  61  62  63  64  65  66  67  68  69  70  71  72  73  74   #  76  77   #  79  80  81  82  83  84  85  86  87  88   #  92  91  92 │
│  93  94   #  90  89  88  87  86  85  84  83  82  81  80  79  78  77  76  75  74   #  72  71  70  69  68  67  66  65  64  63  62  61  60  59  58  57  56   #  54  53  52  51  50  49  48  47  46  45  44  43  42  41  40  39  38  39  40   #  34   #  32  31  30  29  28  29  30   #  32  33  34  35   #  37  38  39  40  41  42  43  44  45  46  47  48  49  50  51   #  55  54  55  56  57  58   #  62   #  62  63  64  65  66  67  68  69  70  71  72  73  74  75  76   #  78  79  80  81  82  83  84  85  86  87  88  89  90  91  92  93 │
│  94  93  92  91  90  89   #   #   #  85  84  83  82  81   #  79  78  77  76  75  74  73  72  71   #  69  68  67  66  65  64  63  62  61  60  59  58  57  56  55  54  53   #  51   #  49  48  47  46  45  44  43  42  41  40  39  40  39   #  35  36   #  32  31   #  29  30  31  32  33  34  35   #  39  38  39  40  41   #  43  44  45  46  47  48  49  50  51  52  53  54  55  56  57  58  59  60  61  62  63  64  65  66  67  68  69  70  71   #  73  74  75  76   #   #  79  80   #   #  83  84   #  86  87  88  89  90  91  92  93  94 │
│  95  94  93  92  91  90  89  88  87  86   #   #   #  82  81  80  79   #  77   #  75   #  73  72  71  70   #  68  67  66  65  64  63  62  61   #  59  58  57  56  55  54  53  52  51  50  49  48   #   #   #  44  43   #  41  40  39  38  37  36  35  34  33   #  31  30  31  32   #  34  35  36  37  38  39  40  41  42  43  44   #  46  47  48  49  50  51  52   #  54  55  56  57  58  59   #  61  62  63  64  65  66  67  68   #  70  71  72  73  74  75   #  77  78  79  80   #  84  85  84  85  86  87  88  89  90  91  92  93   #  95 │
│  96  95  94  93  92   #   #  89  88  87   #  87   #  83   #   #  80  79  78  77  76  75  74  73  72  71  70  69  68  67  66  65  64  63  62  63   #   #  58  57  56   #  54   #  52  51   #  49  48  47  46  45  44   #  42  41  40  39  38  37  36   #  34  33  32  31  32  33   #  35  36  37   #  39  40  41  42  43  44  45  46   #  48  49  50  51  52  53  54  55  56  57  58  59  60  61  62  63  64  65  66  67  68   #  72  71  72  73  74  75  76   #  78  79  80  81  82  83   #  85  86  87  88  89   #   #  92  93  94  95  96 │
│  97   #  95  94  93  94  93   #  89  88   #  86  85  84  83  82  81  80  79  78  77  76  75  74  73  72  71  70  69  68  67  66  65  64  63  62  61  60  59  58  57  58   #  54  53  52  53   #  49  48  47  46  45  44  43  42  41  40  39  38  37  36  35  34  33  32  33  34  35  36  37  38  39  40  41  42  43  44  45  46  47   #   #  50  51  52  53  54  55  56  57  58  59  60  61  62  63  64  65  66  67  68   #  72  73  72  73  74  75  76   #  80  79  80  81  82  83  84  85  86  87  88  89  90  91  92   #  94  95  96  97 │
│  98  97  96  95  94  93  92  91  90  89  88  87  86  85  84  83  82  81  80  79  78   #   #  75  74  73  72  71   #  69  68  67  66  65  64  63  62  61  60  59  58  57  56  55  54  53  54  53   #  49  48  47  46  45  44  43  42  41  40  39  38  37  36  35  34  33  34  35  36  37  38   #  40   #  42  43   #  45  46  47  48  49  50  51  52  53  54  55  56  57  58  59  60  61  62  63  64  65  66  67  68  69  70  71  72  73  74  75  76   #   #  81  80  81  82  83  84  85  86  87  88  89  90  91  92  93  94  95  96  97  98 │
│  99  98  97  96   #  94  93  92  91   #  89  88  87  86  85  84  83  82  81  80   #  78  77  76  75  74  73  72  73   #  69  68  67  66  65  64  63  62  61   #  59  58  57   #   #  54  53  52  51  50  49  48  47  46  45   #  43  42  41  40  39   #  37  36   #  34  35   #  37  38  39  40  41  42  43  44  45  46  47  48  49   #  51  52   #   #  55  56  57  58  59  60  61  62  63  64  65  66  67  68  69  70  71  72  73  74  75  76  77  78  79  80  81  82  83  84  85  86  87  88  89  90   #  92  93  94  95  96  97  98  99 │
│ 100  99  98  97  96  95  94  93  92  93   #  89   #  87  86  85  84  83  82  81  80  79  78  77  76  75   #  73  72  71  70  69  68  67  66  65  64  63  62  61  60  59  58  59   #  55  54  53  52  51  50  49  48  47  46  45  44   #  42  41  40  39  38   #  36  35  36  37  38  39   #  41  42  43  44  45  46  47  48  49  50  51  52  53  54  55  56  57  58  59  60  61  62  63  64  65  66  67  68  69  70  71   #  73  74  75  76  77  78  79  80  81  82  83  84  85  86  87  88  89   #  91  92  93  94   #  96   #  98  99 100 │
│ 101 100  99  98  97  96   #  94  93  94   #  90   #  88  87  86  85  84   #  82   #  80   #   #  77  76   #  74   #  72  71  70  69  68  67  66  65  64  63  62  61   #   #   #  57  56  55  54   #  52  51  50  49  48   #  46  45  44  43  42  41  40  39  38  37  36  37  38  39  40  41   #   #  44  45  46  47  48  49   #  51  52  53  54  55  56  57   #  59  60   #  62  63  64  65  66  67  68  69  70  71  72  73  74  75  76  77  78  79  80  81   #  83  84  85  86  87   #  89  90  91  92  93  94  95  96  97  98  99 100 101 │
│ 102 101 100  99  98   #  96  95  94  95   #  91  90  89  88  87  86  85  84  83  82  81  80  79  78  77  76  75  74  73  72   #  70  69  68  67  66  65  64  63  62  61  60  59  58  57  56  55  54  53  52  51  50   #  48  47  46  45  44  43  42  41  40  39   #  37  38  39  40  41   #  45  46  45  46  47  48  49  50  51  52  53  54  55   #  57  58   #  60  61  62  63  64  65  66  67  68  69  70  71  72  73  74  75  76  77  78  79  80  81  82   #  84   #  86  87  88  89  90  91  92  93  94  95  96  97  98  99 100 101 102 │
│ 103 102 101 100  99 100   #  96  95  96  95   #  91  90  89  88  87  86  85  84  83  82  81  80  79  78  77  76  75  74  73  72  71  70  69  68  67  66  65  64  63  62  61   #  59  58  57   #  55  54  53  52  51  50  49  48   #  46  45  44  43  42  41  40  39  38  39  40  41  42  43  44  45  46  47  48  49  50  51  52   #  54  55  56  57  58  59  60  61  62  63  64  65  66  67  68  69  70  71  72  73   #   #  76  77  78   #  80  81   #  83  84  85  86  87  88   #  90  91  92   #   #  95  96  97  98   # 100 101 102 103 │
│ 104 103 102 101   #  99  98  97  96  95  94  93  92  91  90  89  88  87  86   #  84  83  82  81  80  79  78  77  76  75  74   #  72  71  70  69  68  67  66  65  64  63  62  61  60  59  58  59   #  55   #  53  52  51  50  49  50   #  46  45  44  43  42  41  40  39   #   #  42  43  44   #  46  47   #  49  50  51  52   #   #   #  56  57  58  59  60  61  62  63  64  65  66  67  68  69  70  71  72  73   #  77  78  77  78  79  80  81  82  83   #  85  86  87  88  89  90  91  92  93  94  95  96  97   #  99 100 101 102 103 104 │
│ 105 104 103 102 101 100   #  98  97  96  95   #  93  92  91  90   #  88  87  86  85  84   #  82  81   #   #  78   #  76   #  74  73  72  71  70  69  68  67  66  65  64  63  62   #   #  59  58  57  56  55  54  53   #  51  50  49  48  47  46  45   #  43  42  41  40   #  44  43  44   #   #  47  48  49  50  51  52  53  54  55  56  57  58  59  60  61  62  63  64  65  66  67  68  69  70  71  72   #  74  75  76  77   #   #   #  81  82  83   #  87  86  87   #  89  90  91  92  93  94  95  96  97  98  99 100 101   # 103 104 105 │
│ 106   # 104 103 102 101   #   #  98  97  96  95  94  93   #  91  90  89  88  87  86  85  86   #  82   #  80  79  78  77  76  75  74  73  72  71   #  69  68  67  66  65  64  63  62  61  60  59  58  57  56  55  54  53  52  51  50  49  48  47  46  45  44  43  42  41  42  43  44  45  46  47  48  49  50  51  52  53  54   #  56  57  58  59  60  61  62  63  64  65  66  67  68  69  70  71   #  73  74  75  76  77  78  79  80  81  82  83  84  85  86  87  88  89  90   #  92  93  94  95  96  97  98  99 100 101 102 103 104 105 106 │
│ 107 108   # 104 103 102 101 100  99   #  97  96  95   #  93  92  91  90   #  88  87  86  85  84  83  84   #   #  79  78  77  76  75   #  73  72  71  70  69  68  67  66  65  64  63  62  61  60  59  58  57  56  55  54  53   #  51  50  49  48  47   #  45   #  43  42   #  44  45  46   #  48  49  50   #  52  53  54  55  56  57   #  59  60  61  62  63  64  65  66  67  68  69  70  71  72  73  74  75  76  77  78  79  80  81  82  83  84  85  86  87  88  89  90  91  92  93  94  95  96  97   #  99 100   # 102 103 104 105 106 107 │
│ 108 107 106 105 104 103   # 101 100  99  98  97  96  95  94  93  92  91  90  89  88   #  86  85  84  83  82  81  80   #  78   #  76  75  74  73  72  71  70  69  68  67  66  65  64  63  62  61  60  59  58  57  56  55  54  53  52  51   #  49  48  47  46  45  44  43  44  45  46  47  48  49   #  51  52  53  54  55  56  57   #  61   #  61  62  63  64  65  66  67  68  69  70  71  72  73   #  75  76  77  78  79  80   #  82  83  84  85  86  87  88  89  90  91  92  93  94  95  96  97  98  99 100 101   # 103 104   # 106 107 108 │
│ 109 108   # 106 105 104   # 102 101 100  99  98  97  96  95  94  93  92  91  90  89  88  87  86  85  84  83  82  81  80  79  80   #  76   #  74  73  72  71   #  69  68  67  66  65  64  63  62  61  60  59  58  57  56  55  54  53  52  51  50  49  48  47  46  45  44  45  46   #  48  49  50  51  52  53  54  55  56  57  58  59  60  61  62  63  64  65  66  67  68   #  70  71  72  73  74   #  76  77  78  79  80  81  82  83  84  85  86  87  88  89  90  91  92   #  94  95  96  97  98  99 100 101 102 103 104 105 106 107 108 109 │
│ 110 109 108 107 106 105 104 103 102 101 100  99  98  97  96  95  94  93  92   #   #  89  88  87  86  85  84   #  82  81  80  81  80   #  76  75  74  73  72  71  70  69  68  67  66  65  64  63  62  61  60  59  58  57  56  55  54  53  52  51  50  49  48   #  46  45  46  47  48  49   #   #  52  53  54  55   #  57  58  59  60  61  62  63  64  65  66  67  68   #  72  71  72   #  74  75  76  77  78  79  80  81  82  83  84  85  86  87  88  89  90  91  92  93  94  95   #  97  98  99 100 101 102 103 104 105 106 107 108 109 110 │
│ 111 110 109 108 107 106   # 104 103 102   # 100  99   #  97   #   #  94  93  92  91  90  89  88  87  86  85  84  83  82   #  80  79  78  77  76  75  74  73   #  71  70   #  68  67  66  65  64  63  62  61  60   #   #  57  56  55   #  53  52  51  50   #  48  47  46  47  48  49   #  59  58   #  54  55  56  57  58  59   #  61  62  63  64  65  66  67  68  69  70   #  72  73  74  75  76  77  78  79  80  81  82   #  84  85  86  87  88  89  90  91  92  93   #  95   #  99  98   # 100   # 102 103 104 105 106 107 108 109 110 111 │
│ 112   # 110 109   # 107 108   # 104 103 102 101 100  99  98  99  98   #  94  93  92  91  90  89  88   #  86  85  84  83  82  81  80   #  78  77  76  75  74  73  72  71  72   #  68  67  66  65  64  63  62  61  62  61   #   #  56  55  54   #   #  51  50  49   #  47   #  49  50  51   #  57  56  55  56  57  58  59  60  61  62  63  64  65  66  67  68  69  70  71  72  73  74  75  76  77  78  79  80  81  82  83  84  85  86  87  88  89  90  91  92   #  94  95  96  97   #  99 100 101 102 103 104 105 106 107 108 109 110 111 112 │
│ 113   # 111 110   # 108   # 108   # 104 103 102 101   #  99  98  97  96  95  94   #  92  91  90  89  88  87  86  85  84  83  82  81  80  79  78  77   #  75  74  73  72  71  70  69  68  67  66  65  64  63  62  61  60  59  58  57  56  55  54  53  52   #  50   #  48  49  50  51  52   #  56  57  56  57  58  59  60  61  62  63  64  65  66  67  68  69  70  71  72  73  74  75  76  77   #  79  80  81   #  83  84  85  86  87  88  89  90  91  92  93  94  95  96  97  98  99 100 101 102 103 104   # 106 107 108 109 110 111   # 113 │
│ 114 113 112 111 110 109 108 107 106 105 104 103 102 101 100   #   #  97  96  95  94  93  92  91  90  89  88  87  86  85  84  83   #   #  80  79  78  77  76  75  74  73  72  71  70  69  68  67  66  65  64  63  62  61   #  59  58   #  56   #  54  53  52  51  50  49  50  51  52  53  54  55  56  57  58  59  60  61  62  63  64  65  66  67  68   #  70  71  72  73  74  75  76   #  78  79  80  81  82  83  84   #  86  87  88  89  90  91  92  93  94  95  96   #  98  99 100 101 102 103 104 105 106 107 108 109   # 111 112 113 114 │
│ 115 114 113 112 111 110 109 108 107 106   # 104 103 102 101 100  99  98  97  96   #  94   #  92  91  90  89  88  87  86  85  84  83  82  81  80   #  78  77  76  75   #  73  72   #  70   #  68  67  66  65  64  63  62  61  60  59  58  57  58   #   #  53  52  51  50   #  52  53  54  55  56  57   #  59   #  61  62  63  64  65  66  67  68  69  70  71  72  73  74  75  76  77  78  79  80  81  82  83  84  85   #  87  88   #  90  91  92  93  94   #  96  97  98  99 100 101 102   # 104 105 106 107 108 109 110 111   # 113 114 115 │
│ 116 115 114 113   #   # 110 109 108 107 106 105   # 103 102 101   #  99  98  97  96  95  94  93  92  91  90  89  88  87  86  85  84  83  82  81  80  79  78  77  76  75  74  73  72  71   #  69  68  67  66  65  64  63  62  61  60  59  58  59  58  57   #  53  52  51  52  53  54   #  56  57  58  59  60  61  62  63  64  65  66  67  68  69  70  71   #  73  74  75  76  77  78  79  80  81  82  83  84  85  86  87  88  89  90  91  92  93  94  95  96  97  98  99 100 101 102 103 104 105 106 107 108 109   # 111 112 113 114 115 116 │
│ 117 116 115 114   #   #   # 110   # 108 107   # 105 104 103 102 101 100  99   #  97  96  95  94  93  92  91  90  89  88  87  86  85  84  83  82  81  80  79   #  77  76  75  74   #  72  71  70  69  68  67  66  65  64  63  62  61  60  59  58  57  56  55  54  53  52  53  54  55  56  57   #  59  60   #  62  63  64  65  66  67  68  69  70  71  72  73  74  75  76  77  78  79   #  81  82  83  84  85   #  87  88  89  90   #  92  93  94  95  96   #  98  99 100 101 102 103 104 105 106 107 108 109 110 111 112 113   # 115   # 117 │
│ 118 117 116 115 114 113 112 111 110 109 108 109   # 105   # 103 102   # 100   #  98   #   #   #  94  93  92  91  90  89  88  87   #   #  84  83   #  81   #   #  78  77  76  75  74  73  72  71  70  69  68  67  66  65  64  63  62  61  60  59  58  57  56  55  54  53  54   #  56  57  58  59  60  61  62  63  64  65  66  67  68  69  70  71  72   #  74   #  76  77  78  79  80  81  82  83  84  85  86  87  88   #  90  91  92  93  94  95  96  97  98  99 100 101 102   # 104 105 106 107 108   #   # 111 112 113 114 115 116 117 118 │
│ 119 118   # 116 115 114 113 112 111   # 109 108 107 106 105 104 103 102 101 100  99  98  97  96  95  94  93  92  91  90  89  88  87  86  85  84  83  82  81  80  79  78   #  76   #  74  73  72  71  70  69  68  67  66  65  64  63  62  61  60  59  58  57  56  55  54   #  58  57  58  59  60  61  62  63  64  65  66  67  68  69  70  71  72  73  74  75  76  77   #  79  80  81  82  83  84  85  86   #  88  89  90  91  92   #  94  95  96  97  98   # 100   # 102 103 104   # 106 107 108 109 110   # 112 113 114 115 116 117 118 119 │
│ 120 119 118 117 116 115 114 113 112 111 110 109 108   # 106 105 104 103 102 101 100  99  98  97   #  95   #  93   #   #  90  89  88  87  86  85   #  83  82   #  80  79  78  77  76  75  74  73  72  71  70  69  68  67  66  65  64  63  62  61   #   #  58  57  56  55  56  57  58  59  60  61  62  63  64  65  66  67  68  69  70  71  72  73  74  75  76  77  78  79  80  81  82  83   #  85  86  87  88  89  90  91  92  93  94  95  96  97  98   # 102 101 102 103 104 105   # 107 108 109 110 111 112 113 114 115 116 117   #   # 120 │
│   . 120 119 118 117   # 115 114 113   # 111 110 109 108 107 106 105 104 103 102 101 100  99  98   #  96  97   #  93  92  91  90   #  88  87   #  85  84  83  82  81  80  79  78  77  76  75  74  73  72  71  70  69  68  67  66  65  64  63  62  61  60  59  58  57  56   #  58  59  60  61  62  63  64  65  66  67  68  69  70  71  72  73  74  75  76  77  78  79  80  81  82  83   #  87   #   #   #  89  90  91  92  93  94  95  96  97  98  99 100 101 102   # 104 105 106   #   # 109 110 111 112 113   #   # 116 117 118 119 120   . │
│   .   # 120 119 118   # 116 115   # 113 112 111 110 109 108 107   # 105   # 103 102 101 100  99  98  97  96  95  94  93  92  91  90  89   #  87  86  85  84   #  82  81  80  79  78   #  76  75   #  73  72  71  70   #  68  67  66  65  64  63  62  61  60  59  58  57  58  59   #  61  62  63  64  65  66  67  68  69  70  71  72  73  74  75  76  77  78  79  80  81  82  83  84  85  86  87  88  89  90  91  92  93  94  95  96  97  98  99 100 101 102 103 104 105 106 107 108 109 110 111   # 113   #   .   # 117 118 119 120   .   . │
│   .   .   . 120 119 118 117   #   # 114 113 112 111 110 109 108 107 106   # 104   # 102 101 100  99   #  97  96  95  94  93  92  91  90  89  88  87   #  85  84  83  82  81   #  79  78  77  76   #  74  73  72  71  70  69  68  67  66  65  64  63  62  61  60   #  58  59  60  61  62  63  64  65  66  67  68  69  70  71  72  73  74  75  76  77   #  79  80  81  82  83  84  85  86  87  88  89  90  91  92  93  94  95  96   #   #  99 100 101 102 103 104   # 106 107 108 109 110 111 112 113   #   . 120 119 118 119 120   .   .   . │
│   .   .   .   # 120   # 118 117 116 115 114   # 112 111 110 109   # 107 106 105 104 103 102 101 100  99  98  97  96  95  94  93  92  91   #  89  88   #  86  85  84  83  82  81  80  79  78  77  76  75  74  73  72  71   #  69  68  67  66  65  64  63  62   #  60  59  60  61  62  63  64  65  66  67  68  69  70  71  72  73  74  75   #  77  78  79  80  81  82   #  84  85  86  87  88  89  90  91  92  93  94  95   #  97  98  99 100   # 102 103 104 105 106 107 108 109 110 111 112   # 114 115   # 119 120 119 120   .   .   .   . │
│   .   .   .   .   .   # 119 118 117   # 115 114 113 112 111 110 109 108 107 106 105 104 103 102 101 100  99  98   #  96  95  94  93  92  91  90   #  88  87  86  85  84  83  82  81  80   #  78  77  76   #  74  73  72  73   #  69  68  67  66  65  64  63  62  61  60  61  62  63  64  65  66  67  68  69   #  71  72  73   #   #  76  77   #  79   #  81  82  83  84   #  86  87  88  89   #  91   #   #  94  95   #  99  98   #   # 101   #   # 104 105 106 107 108 109 110 111 112 113 114 115 116 117 118 119 120   .   #   .   .   . │
│   .   .   .   .   .   . 120 119 118 117 116 115 114 113 112 111 110 109 108 107 106   # 104 103   # 101 100  99   #  97  96  95  94  93   #  91  90  89  88  87  86  85  84  83  82  81  82   #  78  77  76  75  74  73  72  71  70  69  68  67  66  65  64  63  62  61  62  63  64  65  66  67  68  69   #  79   #   #  74  75  76  77  78  79  80  81  82  83  84  85  86  87  88  89  90  91  92  93  94   #  96  97   #  99 100 101   # 107 106 105 106 107 108   #   # 111 112 113 114 115   # 117 118 119 120   .   #   .   .   .   . │
│   .   .   #   .   .   .   . 120 119 118 117   # 115 114 113 112 111 110 109   #   # 108   # 104 103 102 101 100  99  98  97  96  95  94  93  92  91   #  89  88   #   #  85  84  83  82  81  80  79  78  77  76  75  74  73  72  71  70  69  68  67  66  65  64  63  62  63  64  65  66  67  68  69  70   #  78  77   #  75   #  77  78  79  80   #  82  83  84  85  86   #  88  89  90  91  92  93  94  95  96  97  98  99 100 101 102   # 106 107 106 107 108 109 110 111 112 113 114 115 116 117 118 119 120   #   .   #   .   .   .   . │
│   .   .   .   #   .   .   .   . 120 119 118 117 116 115 114 113 112 111 110 109 108 107 106 105 104 103 102 101 100  99  98  97  96  95  94  93  92   #  90  89  88  87  86  85  84  83  82   #  80  79  78  77  76  75  74  73  72  71  70  69  68  67  66  65  64  63  64  65  66  67  68  69  70  71  72   #  76  77  76  77   #   #  80   #  84  83  84  85  86  87  88  89  90  91  92  93  94  95  96  97  98  99 100   # 102 103 104 105 106 107   #   # 110 111 112 113 114 115 116 117 118 119 120   .   .   .   .   .   .   #   . │
│   .   .   .   .   .   .   .   .   .   # 119 118 117 116 115 114 113 112 111 110   # 108   # 106 105 104 103 102 101   #  99  98  97  96   #   #  93  92  91  90   #  88   #  86  85  84   #  82  81  80  79  78  77  76  75  74   #  72  71  70  69  68  67  66  65  64  65  66  67  68  69  70  71  72  73  74  75  76  77  78  79  80  81  82  83  84  85  86  87   #  89  90  91  92   #  94  95   #  97  98  99 100 101 102 103 104 105 106 107 108 109 110   # 112 113 114 115   #   # 118 119 120   #   .   .   .   .   .   .   .   . │
│   .   .   .   .   .   .   .   .   .   . 120 119 118 117 116 115 114 113 112 111 110 109 108 107 106 105 104 103 102 101 100  99  98  97  96  95  94  93  92  91  90  89  88  87  86  85  84  83  82  81  80  79  78  77  76  75  74  73  72  71  70  69  68  67  66  65  66  67  68  69  70  71  72  73  74  75  76  77  78  79  80  81  82  83  84  85  86  87  88  89  90  91  92  93  94  95  96  97  98  99 100 101 102 103 104 105 106 107 108 109 110 111 112 113 114 115 116 117 118 119 120   .   .   .   .   .   .   .   .   .   . │
└                                                                                                                                                                                                                                                                                                                                                                                                                                                                                                                                             ┘,7595)