[ ( 8 , 6 , 1 ~ 8 , 6 , 3 , [] )
, ( 7 , 8 , 1 ~ 7 , 9 , 1 , [] )
, ( 8 , 3 , 1 ~ 8 , 5 , 1 , [] )
, ( 3 , 1 , 1 ~ 5 , 1 , 1 , [] )
, ( 7 , 0 , 1 ~ 7 , 0 , 2 , [] )
, ( 0 , 2 , 1 ~ 1 , 2 , 1 , [] )
, ( 1 , 0 , 1 ~ 1 , 1 , 1 , [] )
, ( 0 , 4 , 1 ~ 0 , 4 , 1 , [] )
, ( 2 , 0 , 1 ~ 2 , 2 , 1 , [] )
, ( 2 , 7 , 1 ~ 2 , 7 , 1 , [] )
, ( 8 , 8 , 1 ~ 8 , 8 , 1 , [] )
, ( 1 , 8 , 1 ~ 2 , 8 , 1 , [] )
, ( 6 , 1 , 1 ~ 6 , 3 , 1 , [] )
, ( 2 , 5 , 2 ~ 2 , 7 , 2 , [ 2 , 7 , 1 ~ 2 , 7 , 1 ] )
, ( 6 , 7 , 1 ~ 8 , 7 , 1 , [] )
, ( 9 , 6 , 1 ~ 9 , 8 , 1 , [] )
, ( 1 , 4 , 1 ~ 3 , 4 , 1 , [] )
, ( 7 , 3 , 1 ~ 7 , 5 , 1 , [] )
, ( 1 , 9 , 1 ~ 3 , 9 , 1 , [] )
, ( 2 , 3 , 1 ~ 4 , 3 , 1 , [] )
, ( 8 , 0 , 1 ~ 8 , 0 , 4 , [] )
, ( 3 , 5 , 1 ~ 3 , 7 , 1 , [] )
, ( 3 , 1 , 2 ~ 5 , 1 , 2 , [ 3 , 1 , 1 ~ 5 , 1 , 1 ] )
, ( 1 , 2 , 2 ~ 1 , 3 , 2 , [ 0 , 2 , 1 ~ 1 , 2 , 1 ] )
, ( 7 , 3 , 2 ~ 7 , 5 , 2 , [ 7 , 3 , 1 ~ 7 , 5 , 1 ] )
, ( 0 , 5 , 1 ~ 0 , 6 , 1 , [] )
, ( 9 , 5 , 2 ~ 9 , 8 , 2 , [ 9 , 6 , 1 ~ 9 , 8 , 1 ] )
, ( 1 , 0 , 2 ~ 1 , 0 , 4 , [ 1 , 0 , 1 ~ 1 , 1 , 1 ] )
, ( 4 , 0 , 1 ~ 6 , 0 , 1 , [] )
, ( 5 , 4 , 1 ~ 5 , 6 , 1 , [] )
, ( 7 , 3 , 3 ~ 7 , 5 , 3 , [ 7 , 3 , 2 ~ 7 , 5 , 2 ] )
, ( 0 , 8 , 2 ~ 3 , 8 , 2 , [ 1 , 8 , 1 ~ 2 , 8 , 1 ] )
, ( 0 , 0 , 2 ~ 0 , 2 , 2 , [ 0 , 2 , 1 ~ 1 , 2 , 1 ] )
, ( 2 , 2 , 2 ~ 2 , 2 , 4 , [ 2 , 0 , 1 ~ 2 , 2 , 1 ] )
, ( 5 , 4 , 2 ~ 5 , 4 , 4 , [ 5 , 4 , 1 ~ 5 , 6 , 1 ] )
, ( 0
  , 4
  , 2 ~ 3
  , 4
  , 2
  , [ 0 , 4 , 1 ~ 0 , 4 , 1 , 1 , 4 , 1 ~ 3 , 4 , 1 ]
  )
, ( 6 , 0 , 2 ~ 6 , 0 , 2 , [ 4 , 0 , 1 ~ 6 , 0 , 1 ] )
, ( 7 , 7 , 2 ~ 8 , 7 , 2 , [ 6 , 7 , 1 ~ 8 , 7 , 1 ] )
, ( 6 , 4 , 4 ~ 8 , 4 , 4 , [ 7 , 3 , 3 ~ 7 , 5 , 3 ] )
, ( 1 , 6 , 3 ~ 1 , 8 , 3 , [ 0 , 8 , 2 ~ 3 , 8 , 2 ] )
, ( 6 , 1 , 2 ~ 8 , 1 , 2 , [ 6 , 1 , 1 ~ 6 , 3 , 1 ] )
, ( 4 , 0 , 2 ~ 4 , 0 , 4 , [ 4 , 0 , 1 ~ 6 , 0 , 1 ] )
, ( 1 , 1 , 3 ~ 1 , 3 , 3 , [ 1 , 2 , 2 ~ 1 , 3 , 2 ] )
, ( 6 , 5 , 4 ~ 8 , 5 , 4 , [ 7 , 3 , 3 ~ 7 , 5 , 3 ] )
, ( 3 , 2 , 3 ~ 3 , 4 , 3 , [ 0 , 4 , 2 ~ 3 , 4 , 2 ] )
, ( 6 , 1 , 3 ~ 6 , 1 , 5 , [ 6 , 1 , 2 ~ 8 , 1 , 2 ] )
, ( 5 , 6 , 2 ~ 5 , 9 , 2 , [ 5 , 4 , 1 ~ 5 , 6 , 1 ] )
, ( 1 , 3 , 4 ~ 1 , 5 , 4 , [ 1 , 1 , 3 ~ 1 , 3 , 3 ] )
, ( 4 , 1 , 3 ~ 4 , 4 , 3 , [ 3 , 1 , 2 ~ 5 , 1 , 2 ] )
, ( 5 , 0 , 3 ~ 5 , 1 , 3 , [ 3 , 1 , 2 ~ 5 , 1 , 2 ] )
, ( 7 , 4 , 5 ~ 7 , 4 , 7 , [ 6 , 4 , 4 ~ 8 , 4 , 4 ] )
, ( 0
  , 2
  , 3 ~ 0
  , 4
  , 3
  , [ 0 , 0 , 2 ~ 0 , 2 , 2 , 0 , 4 , 2 ~ 3 , 4 , 2 ]
  )
, ( 0 , 6 , 3 ~ 0 , 9 , 3 , [ 0 , 8 , 2 ~ 3 , 8 , 2 ] )
, ( 8
  , 4
  , 5 ~ 8
  , 6
  , 5
  , [ 6 , 4 , 4 ~ 8 , 4 , 4 , 6 , 5 , 4 ~ 8 , 5 , 4 ]
  )
, ( 4 , 4 , 4 ~ 4 , 4 , 5 , [ 4 , 1 , 3 ~ 4 , 4 , 3 ] )
, ( 2 , 0 , 5 ~ 2 , 2 , 5 , [ 2 , 2 , 2 ~ 2 , 2 , 4 ] )
, ( 8 , 0 , 5 ~ 8 , 0 , 7 , [ 8 , 0 , 1 ~ 8 , 0 , 4 ] )
, ( 5 , 0 , 4 ~ 6 , 0 , 4 , [ 5 , 0 , 3 ~ 5 , 1 , 3 ] )
, ( 2 , 1 , 6 ~ 2 , 4 , 6 , [ 2 , 0 , 5 ~ 2 , 2 , 5 ] )
, ( 3 , 7 , 3 ~ 6 , 7 , 3 , [ 5 , 6 , 2 ~ 5 , 9 , 2 ] )
, ( 4 , 1 , 4 ~ 4 , 3 , 4 , [ 4 , 1 , 3 ~ 4 , 4 , 3 ] )
, ( 8 , 6 , 6 ~ 8 , 9 , 6 , [ 8 , 4 , 5 ~ 8 , 6 , 5 ] )
, ( 0 , 5 , 4 ~ 0 , 8 , 4 , [ 0 , 6 , 3 ~ 0 , 9 , 3 ] )
, ( 6 , 1 , 6 ~ 8 , 1 , 6 , [ 6 , 1 , 3 ~ 6 , 1 , 5 ] )
, ( 2 , 3 , 7 ~ 4 , 3 , 7 , [ 2 , 1 , 6 ~ 2 , 4 , 6 ] )
, ( 7 , 3 , 8 ~ 7 , 5 , 8 , [ 7 , 4 , 5 ~ 7 , 4 , 7 ] )
, ( 3 , 1 , 8 ~ 3 , 3 , 8 , [ 2 , 3 , 7 ~ 4 , 3 , 7 ] )
, ( 1 , 0 , 6 ~ 4 , 0 , 6 , [ 2 , 0 , 5 ~ 2 , 2 , 5 ] )
, ( 5 , 0 , 5 ~ 5 , 0 , 7 , [ 5 , 0 , 4 ~ 6 , 0 , 4 ] )
, ( 7 , 5 , 9 ~ 7 , 5 , 12 , [ 7 , 3 , 8 ~ 7 , 5 , 8 ] )
, ( 3 , 5 , 4 ~ 3 , 8 , 4 , [ 3 , 7 , 3 ~ 6 , 7 , 3 ] )
, ( 3 , 6 , 5 ~ 4 , 6 , 5 , [ 3 , 5 , 4 ~ 3 , 8 , 4 ] )
, ( 4 , 2 , 5 ~ 6 , 2 , 5 , [ 4 , 1 , 4 ~ 4 , 3 , 4 ] )
, ( 2 , 0 , 7 ~ 2 , 0 , 10 , [ 1 , 0 , 6 ~ 4 , 0 , 6 ] )
, ( 3 , 7 , 5 ~ 4 , 7 , 5 , [ 3 , 5 , 4 ~ 3 , 8 , 4 ] )
, ( 3 , 1 , 9 ~ 3 , 3 , 9 , [ 3 , 1 , 8 ~ 3 , 3 , 8 ] )
, ( 1 , 0 , 7 ~ 1 , 3 , 7 , [ 1 , 0 , 6 ~ 4 , 0 , 6 ] )
, ( 0 , 7 , 5 ~ 0 , 8 , 5 , [ 0 , 5 , 4 ~ 0 , 8 , 4 ] )
, ( 2 , 8 , 5 ~ 4 , 8 , 5 , [ 3 , 5 , 4 ~ 3 , 8 , 4 ] )
, ( 4 , 0 , 7 ~ 4 , 1 , 7 , [ 1 , 0 , 6 ~ 4 , 0 , 6 ] )
, ( 2 , 7 , 6 ~ 3 , 7 , 6 , [ 3 , 7 , 5 ~ 4 , 7 , 5 ] )
, ( 6 , 2 , 6 ~ 6 , 2 , 7 , [ 4 , 2 , 5 ~ 6 , 2 , 5 ] )
, ( 5 , 2 , 6 ~ 5 , 4 , 6 , [ 4 , 2 , 5 ~ 6 , 2 , 5 ] )
, ( 0 , 6 , 6 ~ 4 , 6 , 6 , [ 3 , 6 , 5 ~ 4 , 6 , 5 ] )
, ( 2 , 7 , 7 ~ 2 , 9 , 7 , [ 2 , 7 , 6 ~ 3 , 7 , 6 ] )
, ( 4 , 8 , 6 ~ 6 , 8 , 6 , [ 2 , 8 , 5 ~ 4 , 8 , 5 ] )
, ( 1 , 0 , 8 ~ 1 , 4 , 8 , [ 1 , 0 , 7 ~ 1 , 3 , 7 ] )
, ( 5 , 4 , 7 ~ 5 , 4 , 8 , [ 5 , 2 , 6 ~ 5 , 4 , 6 ] )
, ( 5 , 3 , 7 ~ 6 , 3 , 7 , [ 5 , 2 , 6 ~ 5 , 4 , 6 ] )
, ( 5 , 2 , 8 ~ 7 , 2 , 8 , [ 6 , 2 , 6 ~ 6 , 2 , 7 ] )
, ( 0 , 9 , 8 ~ 2 , 9 , 8 , [ 2 , 7 , 7 ~ 2 , 9 , 7 ] )
, ( 4 , 7 , 6 ~ 7 , 7 , 6 , [ 3 , 7 , 5 ~ 4 , 7 , 5 ] )
, ( 1 , 4 , 9 ~ 1 , 6 , 9 , [ 1 , 0 , 8 ~ 1 , 4 , 8 ] )
, ( 0 , 5 , 7 ~ 0 , 8 , 7 , [ 0 , 6 , 6 ~ 4 , 6 , 6 ] )
, ( 4 , 4 , 9 ~ 5 , 4 , 9 , [ 5 , 4 , 7 ~ 5 , 4 , 8 ] )
, ( 4
  , 1
  , 8 ~ 4
  , 3
  , 8
  , [ 2 , 3 , 7 ~ 4 , 3 , 7 , 4 , 0 , 7 ~ 4 , 1 , 7 ]
  )
, ( 1 , 0 , 9 ~ 1 , 2 , 9 , [ 1 , 0 , 8 ~ 1 , 4 , 8 ] )
, ( 2 , 6 , 7 ~ 5 , 6 , 7 , [ 0 , 6 , 6 ~ 4 , 6 , 6 ] )
, ( 7 , 6 , 7 ~ 7 , 8 , 7 , [ 4 , 7 , 6 ~ 7 , 7 , 6 ] )
, ( 6
  , 7
  , 7 ~ 6
  , 9
  , 7
  , [ 4 , 8 , 6 ~ 6 , 8 , 6 , 4 , 7 , 6 ~ 7 , 7 , 6 ]
  )
, ( 1 , 6 , 10 ~ 1 , 7 , 10 , [ 1 , 4 , 9 ~ 1 , 6 , 9 ] )
, ( 2 , 7 , 9 ~ 2 , 9 , 9 , [ 0 , 9 , 8 ~ 2 , 9 , 8 ] )
, ( 4 , 7 , 7 ~ 4 , 7 , 9 , [ 4 , 7 , 6 ~ 7 , 7 , 6 ] )
, ( 6 , 1 , 9 ~ 6 , 3 , 9 , [ 5 , 2 , 8 ~ 7 , 2 , 8 ] )
, ( 1 , 2 , 10 ~ 1 , 3 , 10 , [ 1 , 0 , 9 ~ 1 , 2 , 9 ] )
, ( 0 , 6 , 9 ~ 0 , 9 , 9 , [ 0 , 9 , 8 ~ 2 , 9 , 8 ] )
, ( 1 , 4 , 11 ~ 1 , 7 , 11 , [ 1 , 6 , 10 ~ 1 , 7 , 10 ] )
, ( 4 , 3 , 10 ~ 6 , 3 , 10 , [ 6 , 1 , 9 ~ 6 , 3 , 9 ] )
, ( 0 , 4 , 12 ~ 2 , 4 , 12 , [ 1 , 4 , 11 ~ 1 , 7 , 11 ] )
, ( 1 , 9 , 10 ~ 4 , 9 , 10 , [ 2 , 7 , 9 ~ 2 , 9 , 9 ] )
, ( 5 , 9 , 8 ~ 7 , 9 , 8 , [ 6 , 7 , 7 ~ 6 , 9 , 7 ] )
, ( 6
  , 7
  , 8 ~ 8
  , 7
  , 8
  , [ 7 , 6 , 7 ~ 7 , 8 , 7 , 6 , 7 , 7 ~ 6 , 9 , 7 ]
  )
, ( 7 , 6 , 8 ~ 9 , 6 , 8 , [ 7 , 6 , 7 ~ 7 , 8 , 7 ] )
, ( 7 , 9 , 9 ~ 8 , 9 , 9 , [ 5 , 9 , 8 ~ 7 , 9 , 8 ] )
, ( 4 , 1 , 11 ~ 4 , 3 , 11 , [ 4 , 3 , 10 ~ 6 , 3 , 10 ] )
, ( 1 , 3 , 11 ~ 3 , 3 , 11 , [ 1 , 2 , 10 ~ 1 , 3 , 10 ] )
, ( 0 , 2 , 11 ~ 1 , 2 , 11 , [ 1 , 2 , 10 ~ 1 , 3 , 10 ] )
, ( 5 , 1 , 10 ~ 7 , 1 , 10 , [ 6 , 1 , 9 ~ 6 , 3 , 9 ] )
, ( 2 , 2 , 12 ~ 4 , 2 , 12 , [ 4 , 1 , 11 ~ 4 , 3 , 11 ] )
, ( 7 , 4 , 13 ~ 7 , 6 , 13 , [ 7 , 5 , 9 ~ 7 , 5 , 12 ] )
, ( 9 , 4 , 9 ~ 9 , 7 , 9 , [ 7 , 6 , 8 ~ 9 , 6 , 8 ] )
, ( 8
  , 6
  , 9 ~ 8
  , 8
  , 9
  , [ 6 , 7 , 8 ~ 8 , 7 , 8 , 7 , 6 , 8 ~ 9 , 6 , 8 ]
  )
, ( 1 , 4 , 13 ~ 1 , 5 , 13 , [ 0 , 4 , 12 ~ 2 , 4 , 12 ] )
, ( 7 , 3 , 14 ~ 7 , 5 , 14 , [ 7 , 4 , 13 ~ 7 , 6 , 13 ] )
, ( 4 , 2 , 13 ~ 5 , 2 , 13 , [ 2 , 2 , 12 ~ 4 , 2 , 12 ] )
, ( 8 , 9 , 10 ~ 8 , 9 , 12 , [ 7 , 9 , 9 ~ 8 , 9 , 9 ] )
, ( 9 , 1 , 10 ~ 9 , 4 , 10 , [ 9 , 4 , 9 ~ 9 , 7 , 9 ] )
, ( 3 , 9 , 11 ~ 3 , 9 , 12 , [ 1 , 9 , 10 ~ 4 , 9 , 10 ] )
, ( 8 , 7 , 10 ~ 8 , 7 , 12 , [ 8 , 6 , 9 ~ 8 , 8 , 9 ] )
, ( 1 , 5 , 14 ~ 1 , 8 , 14 , [ 1 , 4 , 13 ~ 1 , 5 , 13 ] )
, ( 7 , 7 , 9 ~ 7 , 7 , 10 , [ 6 , 7 , 8 ~ 8 , 7 , 8 ] )
, ( 4 , 1 , 14 ~ 4 , 3 , 14 , [ 4 , 2 , 13 ~ 5 , 2 , 13 ] )
, ( 6 , 4 , 15 ~ 7 , 4 , 15 , [ 7 , 3 , 14 ~ 7 , 5 , 14 ] )
, ( 0 , 0 , 12 ~ 0 , 2 , 12 , [ 0 , 2 , 11 ~ 1 , 2 , 11 ] )
, ( 9 , 5 , 10 ~ 9 , 6 , 10 , [ 9 , 4 , 9 ~ 9 , 7 , 9 ] )
, ( 1 , 4 , 14 ~ 3 , 4 , 14 , [ 1 , 4 , 13 ~ 1 , 5 , 13 ] )
, ( 4 , 6 , 14 ~ 7 , 6 , 14 , [ 7 , 4 , 13 ~ 7 , 6 , 13 ] )
, ( 9 , 7 , 10 ~ 9 , 8 , 10 , [ 9 , 4 , 9 ~ 9 , 7 , 9 ] )
, ( 2 , 0 , 13 ~ 2 , 3 , 13 , [ 2 , 2 , 12 ~ 4 , 2 , 12 ] )
, ( 0 , 4 , 15 ~ 2 , 4 , 15 , [ 1 , 4 , 14 ~ 3 , 4 , 14 ] )
, ( 0 , 0 , 13 ~ 0 , 3 , 13 , [ 0 , 0 , 12 ~ 0 , 2 , 12 ] )
, ( 6 , 1 , 16 ~ 6 , 4 , 16 , [ 6 , 4 , 15 ~ 7 , 4 , 15 ] )
, ( 6 , 5 , 15 ~ 8 , 5 , 15 , [ 7 , 3 , 14 ~ 7 , 5 , 14 ] )
, ( 9 , 1 , 11 ~ 9 , 4 , 11 , [ 9 , 1 , 10 ~ 9 , 4 , 10 ] )
, ( 1 , 0 , 14 ~ 4 , 0 , 14 , [ 2 , 0 , 13 ~ 2 , 3 , 13 ] )
, ( 8 , 9 , 13 ~ 9 , 9 , 13 , [ 8 , 9 , 10 ~ 8 , 9 , 12 ] )
, ( 3 , 3 , 15 ~ 3 , 5 , 15 , [ 1 , 4 , 14 ~ 3 , 4 , 14 ] )
, ( 1
  , 6
  , 15 ~ 4
  , 6
  , 15
  , [ 1 , 5 , 14 ~ 1 , 8 , 14 , 4 , 6 , 14 ~ 7 , 6 , 14 ]
  )
, ( 9 , 0 , 12 ~ 9 , 2 , 12 , [ 9 , 1 , 11 ~ 9 , 4 , 11 ] )
, ( 2 , 9 , 13 ~ 5 , 9 , 13 , [ 3 , 9 , 11 ~ 3 , 9 , 12 ] )
, ( 0 , 4 , 16 ~ 2 , 4 , 16 , [ 0 , 4 , 15 ~ 2 , 4 , 15 ] )
, ( 9 , 0 , 13 ~ 9 , 0 , 15 , [ 9 , 0 , 12 ~ 9 , 2 , 12 ] )
, ( 5 , 1 , 17 ~ 7 , 1 , 17 , [ 6 , 1 , 16 ~ 6 , 4 , 16 ] )
, ( 2 , 0 , 15 ~ 3 , 0 , 15 , [ 1 , 0 , 14 ~ 4 , 0 , 14 ] )
, ( 0 , 3 , 14 ~ 1 , 3 , 14 , [ 0 , 0 , 13 ~ 0 , 3 , 13 ] )
, ( 7
  , 3
  , 16 ~ 7
  , 6
  , 16
  , [ 6 , 4 , 15 ~ 7 , 4 , 15 , 6 , 5 , 15 ~ 8 , 5 , 15 ]
  )
, ( 9 , 7 , 14 ~ 9 , 9 , 14 , [ 8 , 9 , 13 ~ 9 , 9 , 13 ] )
, ( 0 , 0 , 15 ~ 0 , 3 , 15 , [ 0 , 3 , 14 ~ 1 , 3 , 14 ] )
, ( 2 , 6 , 16 ~ 4 , 6 , 16 , [ 1 , 6 , 15 ~ 4 , 6 , 15 ] )
, ( 9 , 2 , 13 ~ 9 , 2 , 13 , [ 9 , 0 , 12 ~ 9 , 2 , 12 ] )
, ( 4 , 0 , 15 ~ 7 , 0 , 15 , [ 1 , 0 , 14 ~ 4 , 0 , 14 ] )
, ( 2 , 0 , 16 ~ 2 , 0 , 18 , [ 2 , 0 , 15 ~ 3 , 0 , 15 ] )
, ( 8 , 4 , 16 ~ 8 , 5 , 16 , [ 6 , 5 , 15 ~ 8 , 5 , 15 ] )
, ( 8 , 1 , 13 ~ 9 , 1 , 13 , [ 9 , 0 , 12 ~ 9 , 2 , 12 ] )
, ( 1 , 3 , 15 ~ 1 , 3 , 17 , [ 0 , 3 , 14 ~ 1 , 3 , 14 ] )
, ( 1 , 6 , 16 ~ 1 , 7 , 16 , [ 1 , 6 , 15 ~ 4 , 6 , 15 ] )
, ( 7 , 3 , 17 ~ 7 , 5 , 17 , [ 7 , 3 , 16 ~ 7 , 6 , 16 ] )
, ( 9 , 6 , 15 ~ 9 , 9 , 15 , [ 9 , 7 , 14 ~ 9 , 9 , 14 ] )
, ( 5 , 9 , 14 ~ 6 , 9 , 14 , [ 2 , 9 , 13 ~ 5 , 9 , 13 ] )
, ( 9 , 6 , 16 ~ 9 , 9 , 16 , [ 9 , 6 , 15 ~ 9 , 9 , 15 ] )
, ( 6 , 3 , 18 ~ 8 , 3 , 18 , [ 7 , 3 , 17 ~ 7 , 5 , 17 ] )
, ( 4 , 5 , 17 ~ 4 , 7 , 17 , [ 2 , 6 , 16 ~ 4 , 6 , 16 ] )
, ( 8 , 7 , 14 ~ 8 , 9 , 14 , [ 8 , 9 , 13 ~ 9 , 9 , 13 ] )
, ( 0 , 2 , 16 ~ 1 , 2 , 16 , [ 0 , 0 , 15 ~ 0 , 3 , 15 ] )
, ( 3
  , 0
  , 16 ~ 5
  , 0
  , 16
  , [ 2 , 0 , 15 ~ 3 , 0 , 15 , 4 , 0 , 15 ~ 7 , 0 , 15 ]
  )
, ( 9 , 6 , 17 ~ 9 , 9 , 17 , [ 9 , 6 , 16 ~ 9 , 9 , 16 ] )
, ( 8 , 8 , 15 ~ 8 , 8 , 16 , [ 8 , 7 , 14 ~ 8 , 9 , 14 ] )
, ( 2 , 6 , 18 ~ 4 , 6 , 18 , [ 4 , 5 , 17 ~ 4 , 7 , 17 ] )
, ( 5 , 0 , 17 ~ 5 , 0 , 20 , [ 3 , 0 , 16 ~ 5 , 0 , 16 ] )
, ( 2 , 7 , 18 ~ 5 , 7 , 18 , [ 4 , 5 , 17 ~ 4 , 7 , 17 ] )
, ( 6 , 1 , 19 ~ 6 , 3 , 19 , [ 6 , 3 , 18 ~ 8 , 3 , 18 ] )
, ( 4 , 5 , 19 ~ 4 , 6 , 19 , [ 2 , 6 , 18 ~ 4 , 6 , 18 ] )
, ( 5 , 7 , 19 ~ 5 , 7 , 22 , [ 2 , 7 , 18 ~ 5 , 7 , 18 ] )
, ( 0
  , 2
  , 17 ~ 0
  , 5
  , 17
  , [ 0 , 4 , 16 ~ 2 , 4 , 16 , 0 , 2 , 16 ~ 1 , 2 , 16 ]
  )
, ( 7 , 3 , 19 ~ 7 , 3 , 20 , [ 6 , 3 , 18 ~ 8 , 3 , 18 ] )
, ( 8 , 2 , 19 ~ 8 , 4 , 19 , [ 6 , 3 , 18 ~ 8 , 3 , 18 ] )
, ( 4 , 9 , 15 ~ 7 , 9 , 15 , [ 5 , 9 , 14 ~ 6 , 9 , 14 ] )
, ( 6 , 1 , 20 ~ 8 , 1 , 20 , [ 6 , 1 , 19 ~ 6 , 3 , 19 ] )
, ( 6 , 3 , 20 ~ 6 , 3 , 22 , [ 6 , 1 , 19 ~ 6 , 3 , 19 ] )
, ( 8 , 2 , 20 ~ 9 , 2 , 20 , [ 8 , 2 , 19 ~ 8 , 4 , 19 ] )
, ( 9 , 7 , 18 ~ 9 , 8 , 18 , [ 9 , 6 , 17 ~ 9 , 9 , 17 ] )
, ( 3
  , 4
  , 19 ~ 3
  , 7
  , 19
  , [ 2 , 6 , 18 ~ 4 , 6 , 18 , 2 , 7 , 18 ~ 5 , 7 , 18 ]
  )
, ( 8 , 1 , 21 ~ 8 , 1 , 24 , [ 6 , 1 , 20 ~ 8 , 1 , 20 ] )
, ( 0
  , 3
  , 18 ~ 2
  , 3
  , 18
  , [ 1 , 3 , 15 ~ 1 , 3 , 17 , 0 , 2 , 17 ~ 0 , 5 , 17 ]
  )
, ( 1 , 5 , 20 ~ 3 , 5 , 20 , [ 3 , 4 , 19 ~ 3 , 7 , 19 ] )
, ( 4 , 9 , 16 ~ 6 , 9 , 16 , [ 4 , 9 , 15 ~ 7 , 9 , 15 ] )
, ( 6 , 7 , 17 ~ 6 , 9 , 17 , [ 4 , 9 , 16 ~ 6 , 9 , 16 ] )
, ( 3 , 5 , 21 ~ 4 , 5 , 21 , [ 1 , 5 , 20 ~ 3 , 5 , 20 ] )
, ( 6 , 2 , 23 ~ 6 , 3 , 23 , [ 6 , 3 , 20 ~ 6 , 3 , 22 ] )
, ( 9 , 6 , 19 ~ 9 , 7 , 19 , [ 9 , 7 , 18 ~ 9 , 8 , 18 ] )
, ( 6 , 6 , 18 ~ 6 , 7 , 18 , [ 6 , 7 , 17 ~ 6 , 9 , 17 ] )
, ( 1 , 5 , 22 ~ 3 , 5 , 22 , [ 3 , 5 , 21 ~ 4 , 5 , 21 ] )
, ( 4 , 9 , 18 ~ 7 , 9 , 18 , [ 6 , 7 , 17 ~ 6 , 9 , 17 ] )
, ( 3 , 8 , 18 ~ 6 , 8 , 18 , [ 6 , 7 , 17 ~ 6 , 9 , 17 ] )
, ( 0 , 8 , 19 ~ 3 , 8 , 19 , [ 3 , 8 , 18 ~ 6 , 8 , 18 ] )
, ( 3 , 5 , 23 ~ 3 , 7 , 23 , [ 1 , 5 , 22 ~ 3 , 5 , 22 ] )
, ( 5 , 7 , 23 ~ 5 , 9 , 23 , [ 5 , 7 , 19 ~ 5 , 7 , 22 ] )
, ( 3 , 5 , 24 ~ 3 , 5 , 26 , [ 3 , 5 , 23 ~ 3 , 7 , 23 ] )
, ( 5 , 6 , 19 ~ 8 , 6 , 19 , [ 6 , 6 , 18 ~ 6 , 7 , 18 ] )
, ( 0 , 7 , 20 ~ 0 , 9 , 20 , [ 0 , 8 , 19 ~ 3 , 8 , 19 ] )
, ( 2 , 8 , 20 ~ 2 , 8 , 22 , [ 0 , 8 , 19 ~ 3 , 8 , 19 ] )
, ( 6 , 9 , 19 ~ 7 , 9 , 19 , [ 4 , 9 , 18 ~ 7 , 9 , 18 ] )
, ( 1 , 6 , 20 ~ 1 , 9 , 20 , [ 0 , 8 , 19 ~ 3 , 8 , 19 ] )
, ( 0 , 6 , 21 ~ 0 , 9 , 21 , [ 0 , 7 , 20 ~ 0 , 9 , 20 ] )
, ( 5 , 4 , 20 ~ 5 , 6 , 20 , [ 5 , 6 , 19 ~ 8 , 6 , 19 ] )
, ( 7
  , 6
  , 20 ~ 7
  , 9
  , 20
  , [ 5 , 6 , 19 ~ 8 , 6 , 19 , 6 , 9 , 19 ~ 7 , 9 , 19 ]
  )
, ( 0 , 3 , 22 ~ 0 , 6 , 22 , [ 0 , 6 , 21 ~ 0 , 9 , 21 ] )
, ( 6 , 5 , 20 ~ 6 , 7 , 20 , [ 5 , 6 , 19 ~ 8 , 6 , 19 ] )
, ( 1 , 6 , 21 ~ 1 , 6 , 23 , [ 1 , 6 , 20 ~ 1 , 9 , 20 ] )
, ( 4 , 9 , 24 ~ 6 , 9 , 24 , [ 5 , 7 , 23 ~ 5 , 9 , 23 ] )
, ( 2 , 6 , 23 ~ 2 , 9 , 23 , [ 2 , 8 , 20 ~ 2 , 8 , 22 ] )
, ( 1 , 7 , 21 ~ 1 , 8 , 21 , [ 1 , 6 , 20 ~ 1 , 9 , 20 ] )
, ( 5 , 4 , 21 ~ 8 , 4 , 21 , [ 5 , 4 , 20 ~ 5 , 6 , 20 ] )
, ( 2 , 8 , 24 ~ 2 , 9 , 24 , [ 2 , 6 , 23 ~ 2 , 9 , 23 ] )
, ( 2 , 6 , 24 ~ 2 , 6 , 27 , [ 2 , 6 , 23 ~ 2 , 9 , 23 ] )
, ( 3 , 4 , 22 ~ 6 , 4 , 22 , [ 5 , 4 , 21 ~ 8 , 4 , 21 ] )
, ( 2 , 7 , 25 ~ 2 , 9 , 25 , [ 2 , 8 , 24 ~ 2 , 9 , 24 ] )
, ( 3 , 1 , 23 ~ 3 , 4 , 23 , [ 3 , 4 , 22 ~ 6 , 4 , 22 ] )
, ( 5 , 3 , 23 ~ 5 , 5 , 23 , [ 3 , 4 , 22 ~ 6 , 4 , 22 ] )
, ( 6 , 4 , 23 ~ 6 , 6 , 23 , [ 3 , 4 , 22 ~ 6 , 4 , 22 ] )
, ( 4 , 4 , 23 ~ 4 , 4 , 25 , [ 3 , 4 , 22 ~ 6 , 4 , 22 ] )
, ( 0 , 6 , 28 ~ 2 , 6 , 28 , [ 2 , 6 , 24 ~ 2 , 6 , 27 ] )
, ( 2 , 1 , 24 ~ 4 , 1 , 24 , [ 3 , 1 , 23 ~ 3 , 4 , 23 ] )
, ( 0 , 4 , 29 ~ 0 , 7 , 29 , [ 0 , 6 , 28 ~ 2 , 6 , 28 ] )
, ( 5 , 5 , 24 ~ 5 , 5 , 26 , [ 5 , 3 , 23 ~ 5 , 5 , 23 ] )
, ( 6 , 4 , 24 ~ 9 , 4 , 24 , [ 6 , 4 , 23 ~ 6 , 6 , 23 ] )
, ( 0 , 4 , 30 ~ 0 , 5 , 30 , [ 0 , 4 , 29 ~ 0 , 7 , 29 ] )
, ( 4 , 1 , 25 ~ 6 , 1 , 25 , [ 2 , 1 , 24 ~ 4 , 1 , 24 ] )
, ( 9 , 4 , 25 ~ 9 , 5 , 25 , [ 6 , 4 , 24 ~ 9 , 4 , 24 ] )
, ( 1 , 4 , 26 ~ 4 , 4 , 26 , [ 4 , 4 , 23 ~ 4 , 4 , 25 ] )
, ( 0 , 7 , 30 ~ 2 , 7 , 30 , [ 0 , 4 , 29 ~ 0 , 7 , 29 ] )
, ( 0 , 3 , 31 ~ 0 , 5 , 31 , [ 0 , 4 , 30 ~ 0 , 5 , 30 ] )
, ( 9 , 3 , 26 ~ 9 , 5 , 26 , [ 9 , 4 , 25 ~ 9 , 5 , 25 ] )
, ( 2 , 7 , 31 ~ 5 , 7 , 31 , [ 0 , 7 , 30 ~ 2 , 7 , 30 ] )
, ( 1 , 2 , 27 ~ 1 , 4 , 27 , [ 1 , 4 , 26 ~ 4 , 4 , 26 ] )
, ( 0 , 2 , 28 ~ 3 , 2 , 28 , [ 1 , 2 , 27 ~ 1 , 4 , 27 ] )
, ( 6 , 4 , 25 ~ 6 , 7 , 25 , [ 6 , 4 , 24 ~ 9 , 4 , 24 ] )
, ( 4 , 3 , 27 ~ 4 , 5 , 27 , [ 1 , 4 , 26 ~ 4 , 4 , 26 ] )
, ( 7 , 3 , 25 ~ 7 , 5 , 25 , [ 6 , 4 , 24 ~ 9 , 4 , 24 ] )
, ( 0 , 7 , 31 ~ 1 , 7 , 31 , [ 0 , 7 , 30 ~ 2 , 7 , 30 ] )
, ( 8 , 3 , 25 ~ 8 , 5 , 25 , [ 6 , 4 , 24 ~ 9 , 4 , 24 ] )
, ( 2 , 4 , 27 ~ 2 , 4 , 27 , [ 1 , 4 , 26 ~ 4 , 4 , 26 ] )
, ( 4 , 4 , 28 ~ 4 , 4 , 30 , [ 4 , 3 , 27 ~ 4 , 5 , 27 ] )
, ( 8 , 4 , 26 ~ 8 , 4 , 27 , [ 8 , 3 , 25 ~ 8 , 5 , 25 ] )
, ( 3 , 2 , 29 ~ 3 , 3 , 29 , [ 0 , 2 , 28 ~ 3 , 2 , 28 ] )
, ( 0 , 4 , 32 ~ 0 , 6 , 32 , [ 0 , 3 , 31 ~ 0 , 5 , 31 ] )
, ( 3 , 6 , 32 ~ 3 , 7 , 32 , [ 2 , 7 , 31 ~ 5 , 7 , 31 ] )
, ( 4 , 6 , 32 ~ 4 , 8 , 32 , [ 2 , 7 , 31 ~ 5 , 7 , 31 ] )
, ( 7 , 2 , 26 ~ 7 , 4 , 26 , [ 7 , 3 , 25 ~ 7 , 5 , 25 ] )
, ( 4 , 3 , 28 ~ 6 , 3 , 28 , [ 4 , 3 , 27 ~ 4 , 5 , 27 ] )
, ( 0 , 7 , 32 ~ 0 , 7 , 34 , [ 0 , 7 , 31 ~ 1 , 7 , 31 ] )
, ( 6 , 7 , 26 ~ 6 , 7 , 29 , [ 6 , 4 , 25 ~ 6 , 7 , 25 ] )
, ( 5 , 4 , 27 ~ 7 , 4 , 27 , [ 7 , 2 , 26 ~ 7 , 4 , 26 ] )
, ( 2 , 3 , 28 ~ 2 , 5 , 28 , [ 2 , 4 , 27 ~ 2 , 4 , 27 ] )
, ( 1 , 2 , 29 ~ 2 , 2 , 29 , [ 0 , 2 , 28 ~ 3 , 2 , 28 ] )
, ( 8 , 1 , 26 ~ 8 , 3 , 26 , [ 8 , 3 , 25 ~ 8 , 5 , 25 ] )
, ( 0 , 0 , 29 ~ 0 , 2 , 29 , [ 0 , 2 , 28 ~ 3 , 2 , 28 ] )
, ( 3 , 2 , 30 ~ 6 , 2 , 30 , [ 3 , 2 , 29 ~ 3 , 3 , 29 ] )
, ( 5 , 3 , 29 ~ 6 , 3 , 29 , [ 4 , 3 , 28 ~ 6 , 3 , 28 ] )
, ( 6 , 1 , 31 ~ 6 , 3 , 31 , [ 3 , 2 , 30 ~ 6 , 2 , 30 ] )
, ( 7 , 0 , 27 ~ 7 , 3 , 27 , [ 7 , 2 , 26 ~ 7 , 4 , 26 ] )
, ( 7 , 4 , 28 ~ 7 , 6 , 28 , [ 5 , 4 , 27 ~ 7 , 4 , 27 ] )
, ( 0 , 0 , 30 ~ 0 , 2 , 30 , [ 0 , 0 , 29 ~ 0 , 2 , 29 ] )
, ( 2
  , 3
  , 29 ~ 2
  , 6
  , 29
  , [ 0 , 6 , 28 ~ 2 , 6 , 28 , 2 , 3 , 28 ~ 2 , 5 , 28 ]
  )
, ( 6 , 0 , 32 ~ 6 , 2 , 32 , [ 6 , 1 , 31 ~ 6 , 3 , 31 ] )
, ( 0 , 2 , 31 ~ 1 , 2 , 31 , [ 0 , 0 , 30 ~ 0 , 2 , 30 ] )
, ( 1
  , 3
  , 30 ~ 3
  , 3
  , 30
  , [ 3 , 2 , 29 ~ 3 , 3 , 29 , 2 , 3 , 29 ~ 2 , 6 , 29 ]
  )
, ( 7 , 6 , 29 ~ 8 , 6 , 29 , [ 7 , 4 , 28 ~ 7 , 6 , 28 ] )
, ( 3 , 2 , 31 ~ 5 , 2 , 31 , [ 3 , 2 , 30 ~ 6 , 2 , 30 ] )
, ( 6 , 5 , 29 ~ 9 , 5 , 29 , [ 7 , 4 , 28 ~ 7 , 6 , 28 ] )
, ( 1 , 3 , 31 ~ 2 , 3 , 31 , [ 1 , 3 , 30 ~ 3 , 3 , 30 ] )
, ( 6 , 3 , 32 ~ 6 , 3 , 34 , [ 6 , 1 , 31 ~ 6 , 3 , 31 ] )
, ( 3 , 3 , 31 ~ 4 , 3 , 31 , [ 1 , 3 , 30 ~ 3 , 3 , 30 ] )
, ( 4 , 5 , 30 ~ 7 , 5 , 30 , [ 6 , 5 , 29 ~ 9 , 5 , 29 ] )
, ( 4 , 2 , 32 ~ 4 , 2 , 33 , [ 3 , 2 , 31 ~ 5 , 2 , 31 ] )
, ( 2 , 5 , 32 ~ 2 , 7 , 32 , [ 2 , 7 , 31 ~ 5 , 7 , 31 ] )
, ( 7 , 6 , 30 ~ 7 , 9 , 30 , [ 7 , 6 , 29 ~ 8 , 6 , 29 ] )
, ( 2 , 4 , 30 ~ 3 , 4 , 30 , [ 2 , 3 , 29 ~ 2 , 6 , 29 ] )
, ( 1 , 0 , 32 ~ 1 , 2 , 32 , [ 0 , 2 , 31 ~ 1 , 2 , 31 ] )
, ( 6 , 6 , 31 ~ 8 , 6 , 31 , [ 7 , 6 , 30 ~ 7 , 9 , 30 ] )
, ( 6 , 0 , 33 ~ 6 , 1 , 33 , [ 6 , 0 , 32 ~ 6 , 2 , 32 ] )
, ( 4 , 7 , 33 ~ 7 , 7 , 33 , [ 4 , 6 , 32 ~ 4 , 8 , 32 ] )
, ( 5 , 8 , 31 ~ 7 , 8 , 31 , [ 7 , 6 , 30 ~ 7 , 9 , 30 ] )
, ( 2 , 7 , 33 ~ 2 , 7 , 36 , [ 2 , 5 , 32 ~ 2 , 7 , 32 ] )
, ( 7 , 8 , 32 ~ 8 , 8 , 32 , [ 5 , 8 , 31 ~ 7 , 8 , 31 ] )
, ( 0
  , 3
  , 32 ~ 3
  , 3
  , 32
  , [ 0
    , 3
    , 31 ~ 0
    , 5
    , 31
    , 1
    , 3
    , 31 ~ 2
    , 3
    , 31
    , 3
    , 3
    , 31 ~ 4
    , 3
    , 31
    ]
  )
, ( 3 , 7 , 34 ~ 5 , 7 , 34 , [ 4 , 7 , 33 ~ 7 , 7 , 33 ] )
, ( 0
  , 6
  , 33 ~ 2
  , 6
  , 33
  , [ 0 , 4 , 32 ~ 0 , 6 , 32 , 2 , 5 , 32 ~ 2 , 7 , 32 ]
  )
, ( 7 , 8 , 33 ~ 7 , 9 , 33 , [ 7 , 8 , 32 ~ 8 , 8 , 32 ] )
, ( 0 , 1 , 33 ~ 1 , 1 , 33 , [ 1 , 0 , 32 ~ 1 , 2 , 32 ] )
, ( 4 , 0 , 34 ~ 6 , 0 , 34 , [ 6 , 0 , 33 ~ 6 , 1 , 33 ] )
, ( 2 , 3 , 33 ~ 4 , 3 , 33 , [ 0 , 3 , 32 ~ 3 , 3 , 32 ] )
, ( 7 , 5 , 31 ~ 9 , 5 , 31 , [ 4 , 5 , 30 ~ 7 , 5 , 30 ] )
, ( 1 , 5 , 33 ~ 3 , 5 , 33 , [ 2 , 5 , 32 ~ 2 , 7 , 32 ] )
, ( 6 , 1 , 34 ~ 6 , 2 , 34 , [ 6 , 0 , 33 ~ 6 , 1 , 33 ] )
, ( 6 , 7 , 34 ~ 8 , 7 , 34 , [ 4 , 7 , 33 ~ 7 , 7 , 33 ] )
, ( 6 , 0 , 35 ~ 6 , 0 , 37 , [ 4 , 0 , 34 ~ 6 , 0 , 34 ] )
, ( 2 , 6 , 34 ~ 4 , 6 , 34 , [ 0 , 6 , 33 ~ 2 , 6 , 33 ] )
, ( 7 , 3 , 32 ~ 7 , 5 , 32 , [ 7 , 5 , 31 ~ 9 , 5 , 31 ] )
, ( 0 , 6 , 35 ~ 0 , 7 , 35 , [ 0 , 7 , 32 ~ 0 , 7 , 34 ] )
, ( 1 , 3 , 34 ~ 2 , 3 , 34 , [ 2 , 3 , 33 ~ 4 , 3 , 33 ] )
, ( 5 , 7 , 35 ~ 5 , 8 , 35 , [ 3 , 7 , 34 ~ 5 , 7 , 34 ] )
, ( 3 , 3 , 34 ~ 4 , 3 , 34 , [ 2 , 3 , 33 ~ 4 , 3 , 33 ] )
, ( 6
  , 1
  , 35 ~ 6
  , 3
  , 35
  , [ 6 , 3 , 32 ~ 6 , 3 , 34 , 6 , 1 , 34 ~ 6 , 2 , 34 ]
  )
, ( 2 , 0 , 35 ~ 4 , 0 , 35 , [ 4 , 0 , 34 ~ 6 , 0 , 34 ] )
, ( 0 , 5 , 36 ~ 0 , 7 , 36 , [ 0 , 6 , 35 ~ 0 , 7 , 35 ] )
, ( 6 , 7 , 35 ~ 8 , 7 , 35 , [ 6 , 7 , 34 ~ 8 , 7 , 34 ] )
, ( 2 , 4 , 35 ~ 2 , 6 , 35 , [ 2 , 6 , 34 ~ 4 , 6 , 34 ] )
, ( 5 , 7 , 36 ~ 5 , 9 , 36 , [ 5 , 7 , 35 ~ 5 , 8 , 35 ] )
, ( 0 , 4 , 37 ~ 0 , 7 , 37 , [ 0 , 5 , 36 ~ 0 , 7 , 36 ] )
, ( 5 , 9 , 37 ~ 6 , 9 , 37 , [ 5 , 7 , 36 ~ 5 , 9 , 36 ] )
, ( 6 , 7 , 36 ~ 8 , 7 , 36 , [ 6 , 7 , 35 ~ 8 , 7 , 35 ] )
, ( 6 , 2 , 36 ~ 8 , 2 , 36 , [ 6 , 1 , 35 ~ 6 , 3 , 35 ] )
, ( 2 , 5 , 36 ~ 5 , 5 , 36 , [ 2 , 4 , 35 ~ 2 , 6 , 35 ] )
, ( 2 , 7 , 37 ~ 4 , 7 , 37 , [ 2 , 7 , 33 ~ 2 , 7 , 36 ] )
, ( 6 , 3 , 36 ~ 6 , 3 , 38 , [ 6 , 1 , 35 ~ 6 , 3 , 35 ] )
, ( 5 , 3 , 37 ~ 5 , 6 , 37 , [ 2 , 5 , 36 ~ 5 , 5 , 36 ] )
, ( 1 , 0 , 36 ~ 4 , 0 , 36 , [ 2 , 0 , 35 ~ 4 , 0 , 35 ] )
, ( 1 , 5 , 37 ~ 3 , 5 , 37 , [ 2 , 5 , 36 ~ 5 , 5 , 36 ] )
, ( 8 , 0 , 37 ~ 8 , 2 , 37 , [ 6 , 2 , 36 ~ 8 , 2 , 36 ] )
, ( 8 , 0 , 38 ~ 9 , 0 , 38 , [ 8 , 0 , 37 ~ 8 , 2 , 37 ] )
, ( 4 , 9 , 38 ~ 5 , 9 , 38 , [ 5 , 9 , 37 ~ 6 , 9 , 37 ] )
, ( 0 , 6 , 38 ~ 0 , 9 , 38 , [ 0 , 4 , 37 ~ 0 , 7 , 37 ] )
, ( 0 , 3 , 38 ~ 0 , 5 , 38 , [ 0 , 4 , 37 ~ 0 , 7 , 37 ] )
, ( 8 , 7 , 37 ~ 8 , 9 , 37 , [ 6 , 7 , 36 ~ 8 , 7 , 36 ] )
, ( 8 , 1 , 38 ~ 9 , 1 , 38 , [ 8 , 0 , 37 ~ 8 , 2 , 37 ] )
, ( 0 , 6 , 39 ~ 0 , 8 , 39 , [ 0 , 6 , 38 ~ 0 , 9 , 38 ] )
, ( 7 , 1 , 37 ~ 7 , 3 , 37 , [ 6 , 2 , 36 ~ 8 , 2 , 36 ] )
, ( 3 , 7 , 38 ~ 3 , 9 , 38 , [ 2 , 7 , 37 ~ 4 , 7 , 37 ] )
, ( 0 , 2 , 39 ~ 0 , 4 , 39 , [ 0 , 3 , 38 ~ 0 , 5 , 38 ] )
, ( 5 , 4 , 38 ~ 6 , 4 , 38 , [ 5 , 3 , 37 ~ 5 , 6 , 37 ] )
, ( 3 , 0 , 37 ~ 3 , 1 , 37 , [ 1 , 0 , 36 ~ 4 , 0 , 36 ] )
, ( 8 , 1 , 39 ~ 8 , 1 , 42 , [ 8 , 1 , 38 ~ 9 , 1 , 38 ] )
, ( 5 , 6 , 38 ~ 7 , 6 , 38 , [ 5 , 3 , 37 ~ 5 , 6 , 37 ] )
, ( 9 , 0 , 39 ~ 9 , 0 , 39 , [ 8 , 0 , 38 ~ 9 , 0 , 38 ] )
, ( 5 , 1 , 38 ~ 7 , 1 , 38 , [ 7 , 1 , 37 ~ 7 , 3 , 37 ] )
, ( 5 , 8 , 39 ~ 5 , 9 , 39 , [ 4 , 9 , 38 ~ 5 , 9 , 38 ] )
, ( 2 , 3 , 38 ~ 2 , 6 , 38 , [ 1 , 5 , 37 ~ 3 , 5 , 37 ] )
, ( 8 , 2 , 38 ~ 9 , 2 , 38 , [ 8 , 0 , 37 ~ 8 , 2 , 37 ] )
, ( 0 , 8 , 40 ~ 0 , 9 , 40 , [ 0 , 6 , 39 ~ 0 , 8 , 39 ] )
, ( 6 , 6 , 39 ~ 6 , 6 , 41 , [ 5 , 6 , 38 ~ 7 , 6 , 38 ] )
, ( 9 , 0 , 40 ~ 9 , 1 , 40 , [ 9 , 0 , 39 ~ 9 , 0 , 39 ] )
, ( 2 , 2 , 39 ~ 2 , 4 , 39 , [ 2 , 3 , 38 ~ 2 , 6 , 38 ] )
, ( 6 , 3 , 39 ~ 7 , 3 , 39 , [ 6 , 3 , 36 ~ 6 , 3 , 38 ] )
, ( 0 , 3 , 40 ~ 0 , 4 , 40 , [ 0 , 2 , 39 ~ 0 , 4 , 39 ] )
, ( 8 , 6 , 38 ~ 8 , 7 , 38 , [ 8 , 7 , 37 ~ 8 , 9 , 37 ] )
, ( 8 , 7 , 39 ~ 8 , 7 , 39 , [ 8 , 6 , 38 ~ 8 , 7 , 38 ] )
, ( 3 , 8 , 39 ~ 3 , 8 , 41 , [ 3 , 7 , 38 ~ 3 , 9 , 38 ] )
, ( 4 , 9 , 40 ~ 7 , 9 , 40 , [ 5 , 8 , 39 ~ 5 , 9 , 39 ] )
, ( 0 , 3 , 41 ~ 0 , 4 , 41 , [ 0 , 3 , 40 ~ 0 , 4 , 40 ] )
, ( 0 , 6 , 41 ~ 0 , 9 , 41 , [ 0 , 8 , 40 ~ 0 , 9 , 40 ] )
, ( 2 , 1 , 40 ~ 2 , 3 , 40 , [ 2 , 2 , 39 ~ 2 , 4 , 39 ] )
, ( 7 , 1 , 39 ~ 7 , 1 , 39 , [ 5 , 1 , 38 ~ 7 , 1 , 38 ] )
, ( 1 , 0 , 38 ~ 3 , 0 , 38 , [ 3 , 0 , 37 ~ 3 , 1 , 37 ] )
, ( 7 , 9 , 41 ~ 9 , 9 , 41 , [ 4 , 9 , 40 ~ 7 , 9 , 40 ] )
, ( 5 , 2 , 39 ~ 5 , 5 , 39 , [ 5 , 4 , 38 ~ 6 , 4 , 38 ] )
, ( 1 , 2 , 41 ~ 4 , 2 , 41 , [ 2 , 1 , 40 ~ 2 , 3 , 40 ] )
, ( 5 , 9 , 42 ~ 7 , 9 , 42 , [ 7 , 9 , 41 ~ 9 , 9 , 41 ] )
, ( 2 , 1 , 42 ~ 2 , 2 , 42 , [ 1 , 2 , 41 ~ 4 , 2 , 41 ] )
, ( 0 , 2 , 42 ~ 1 , 2 , 42 , [ 1 , 2 , 41 ~ 4 , 2 , 41 ] )
, ( 3 , 6 , 42 ~ 3 , 9 , 42 , [ 3 , 8 , 39 ~ 3 , 8 , 41 ] )
, ( 6 , 1 , 43 ~ 8 , 1 , 43 , [ 8 , 1 , 39 ~ 8 , 1 , 42 ] )
, ( 8 , 6 , 40 ~ 8 , 8 , 40 , [ 8 , 7 , 39 ~ 8 , 7 , 39 ] )
, ( 0 , 2 , 43 ~ 0 , 2 , 45 , [ 0 , 2 , 42 ~ 1 , 2 , 42 ] )
, ( 3 , 0 , 42 ~ 3 , 3 , 42 , [ 1 , 2 , 41 ~ 4 , 2 , 41 ] )
, ( 8 , 0 , 44 ~ 8 , 2 , 44 , [ 6 , 1 , 43 ~ 8 , 1 , 43 ] )
, ( 7 , 9 , 43 ~ 8 , 9 , 43 , [ 5 , 9 , 42 ~ 7 , 9 , 42 ] )
, ( 6 , 4 , 42 ~ 6 , 6 , 42 , [ 6 , 6 , 39 ~ 6 , 6 , 41 ] )
, ( 2 , 2 , 43 ~ 2 , 3 , 43 , [ 2 , 1 , 42 ~ 2 , 2 , 42 ] )
, ( 0 , 0 , 39 ~ 2 , 0 , 39 , [ 1 , 0 , 38 ~ 3 , 0 , 38 ] )
, ( 2 , 1 , 43 ~ 2 , 1 , 46 , [ 2 , 1 , 42 ~ 2 , 2 , 42 ] )
, ( 9 , 9 , 42 ~ 9 , 9 , 44 , [ 7 , 9 , 41 ~ 9 , 9 , 41 ] )
, ( 6 , 4 , 43 ~ 8 , 4 , 43 , [ 6 , 4 , 42 ~ 6 , 6 , 42 ] )
, ( 2 , 0 , 43 ~ 4 , 0 , 43 , [ 3 , 0 , 42 ~ 3 , 3 , 42 ] )
, ( 8 , 8 , 41 ~ 8 , 8 , 43 , [ 8 , 6 , 40 ~ 8 , 8 , 40 ] )
, ( 3 , 5 , 43 ~ 3 , 8 , 43 , [ 3 , 6 , 42 ~ 3 , 9 , 42 ] )
, ( 6 , 6 , 43 ~ 6 , 7 , 43 , [ 6 , 4 , 42 ~ 6 , 6 , 42 ] )
, ( 8 , 4 , 44 ~ 9 , 4 , 44 , [ 6 , 4 , 43 ~ 8 , 4 , 43 ] )
, ( 1 , 7 , 44 ~ 4 , 7 , 44 , [ 3 , 5 , 43 ~ 3 , 8 , 43 ] )
, ( 2 , 2 , 44 ~ 6 , 2 , 44 , [ 2 , 2 , 43 ~ 2 , 3 , 43 ] )
, ( 6 , 0 , 45 ~ 9 , 0 , 45 , [ 8 , 0 , 44 ~ 8 , 2 , 44 ] )
, ( 2 , 5 , 45 ~ 2 , 7 , 45 , [ 1 , 7 , 44 ~ 4 , 7 , 44 ] )
, ( 3 , 8 , 44 ~ 3 , 9 , 44 , [ 3 , 5 , 43 ~ 3 , 8 , 43 ] )
, ( 3 , 7 , 45 ~ 5 , 7 , 45 , [ 1 , 7 , 44 ~ 4 , 7 , 44 ] )
, ( 9 , 4 , 45 ~ 9 , 5 , 45 , [ 8 , 4 , 44 ~ 9 , 4 , 44 ] )
, ( 2 , 6 , 46 ~ 5 , 6 , 46 , [ 2 , 5 , 45 ~ 2 , 7 , 45 ] )
, ( 6 , 7 , 44 ~ 6 , 8 , 44 , [ 6 , 6 , 43 ~ 6 , 7 , 43 ] )
, ( 4 , 2 , 45 ~ 5 , 2 , 45 , [ 2 , 2 , 44 ~ 6 , 2 , 44 ] )
, ( 4 , 4 , 47 ~ 4 , 6 , 47 , [ 2 , 6 , 46 ~ 5 , 6 , 46 ] )
, ( 1 , 6 , 45 ~ 1 , 7 , 45 , [ 1 , 7 , 44 ~ 4 , 7 , 44 ] )
, ( 6 , 4 , 45 ~ 8 , 4 , 45 , [ 8 , 4 , 44 ~ 9 , 4 , 44 ] )
, ( 5 , 0 , 46 ~ 5 , 2 , 46 , [ 4 , 2 , 45 ~ 5 , 2 , 45 ] )
, ( 3 , 2 , 45 ~ 3 , 2 , 48 , [ 2 , 2 , 44 ~ 6 , 2 , 44 ] )
, ( 5 , 6 , 47 ~ 6 , 6 , 47 , [ 2 , 6 , 46 ~ 5 , 6 , 46 ] )
, ( 4 , 8 , 45 ~ 6 , 8 , 45 , [ 6 , 7 , 44 ~ 6 , 8 , 44 ] )
, ( 0 , 1 , 47 ~ 3 , 1 , 47 , [ 2 , 1 , 43 ~ 2 , 1 , 46 ] )
, ( 1 , 8 , 45 ~ 3 , 8 , 45 , [ 3 , 8 , 44 ~ 3 , 9 , 44 ] )
, ( 4 , 5 , 48 ~ 4 , 7 , 48 , [ 4 , 4 , 47 ~ 4 , 6 , 47 ] )
, ( 1 , 3 , 46 ~ 1 , 6 , 46 , [ 1 , 6 , 45 ~ 1 , 7 , 45 ] )
, ( 3 , 0 , 48 ~ 3 , 1 , 48 , [ 0 , 1 , 47 ~ 3 , 1 , 47 ] )
, ( 6 , 8 , 46 ~ 9 , 8 , 46 , [ 4 , 8 , 45 ~ 6 , 8 , 45 ] )
, ( 5 , 6 , 48 ~ 7 , 6 , 48 , [ 5 , 6 , 47 ~ 6 , 6 , 47 ] )
, ( 9 , 5 , 47 ~ 9 , 8 , 47 , [ 6 , 8 , 46 ~ 9 , 8 , 46 ] )
, ( 0 , 0 , 48 ~ 0 , 2 , 48 , [ 0 , 1 , 47 ~ 3 , 1 , 47 ] )
, ( 3 , 6 , 47 ~ 3 , 8 , 47 , [ 2 , 6 , 46 ~ 5 , 6 , 46 ] )
, ( 1 , 5 , 47 ~ 1 , 6 , 47 , [ 1 , 3 , 46 ~ 1 , 6 , 46 ] )
, ( 3 , 5 , 49 ~ 6 , 5 , 49 , [ 4 , 5 , 48 ~ 4 , 7 , 48 ] )
, ( 2 , 6 , 47 ~ 2 , 9 , 47 , [ 2 , 6 , 46 ~ 5 , 6 , 46 ] )
, ( 1 , 4 , 47 ~ 1 , 4 , 49 , [ 1 , 3 , 46 ~ 1 , 6 , 46 ] )
, ( 6 , 5 , 50 ~ 6 , 5 , 52 , [ 3 , 5 , 49 ~ 6 , 5 , 49 ] )
, ( 5 , 3 , 50 ~ 5 , 6 , 50 , [ 3 , 5 , 49 ~ 6 , 5 , 49 ] )
, ( 9 , 7 , 48 ~ 9 , 9 , 48 , [ 9 , 5 , 47 ~ 9 , 8 , 47 ] )
, ( 0 , 0 , 49 ~ 0 , 1 , 49 , [ 0 , 0 , 48 ~ 0 , 2 , 48 ] )
, ( 3 , 4 , 51 ~ 5 , 4 , 51 , [ 5 , 3 , 50 ~ 5 , 6 , 50 ] )
, ( 2 , 5 , 48 ~ 2 , 9 , 48 , [ 2 , 6 , 47 ~ 2 , 9 , 47 ] )
, ( 5 , 3 , 51 ~ 7 , 3 , 51 , [ 5 , 3 , 50 ~ 5 , 6 , 50 ] )
, ( 6 , 6 , 49 ~ 8 , 6 , 49 , [ 5 , 6 , 48 ~ 7 , 6 , 48 ] )
, ( 2 , 9 , 49 ~ 4 , 9 , 49 , [ 2 , 5 , 48 ~ 2 , 9 , 48 ] )
, ( 9 , 6 , 49 ~ 9 , 8 , 49 , [ 9 , 7 , 48 ~ 9 , 9 , 48 ] )
, ( 6 , 6 , 50 ~ 6 , 8 , 50 , [ 6 , 6 , 49 ~ 8 , 6 , 49 ] )
, ( 5 , 3 , 52 ~ 5 , 3 , 54 , [ 5 , 3 , 51 ~ 7 , 3 , 51 ] )
, ( 1 , 8 , 49 ~ 2 , 8 , 49 , [ 2 , 5 , 48 ~ 2 , 9 , 48 ] )
, ( 2 , 9 , 50 ~ 4 , 9 , 50 , [ 2 , 9 , 49 ~ 4 , 9 , 49 ] )
, ( 5 , 4 , 52 ~ 5 , 6 , 52 , [ 3 , 4 , 51 ~ 5 , 4 , 51 ] )
, ( 3 , 8 , 51 ~ 3 , 9 , 51 , [ 2 , 9 , 50 ~ 4 , 9 , 50 ] )
, ( 9 , 6 , 50 ~ 9 , 6 , 52 , [ 9 , 6 , 49 ~ 9 , 8 , 49 ] )
, ( 8 , 6 , 50 ~ 8 , 8 , 50 , [ 6 , 6 , 49 ~ 8 , 6 , 49 ] )
, ( 4 , 2 , 52 ~ 4 , 4 , 52 , [ 3 , 4 , 51 ~ 5 , 4 , 51 ] )
, ( 6 , 8 , 51 ~ 7 , 8 , 51 , [ 6 , 6 , 50 ~ 6 , 8 , 50 ] )
, ( 3 , 9 , 52 ~ 3 , 9 , 54 , [ 3 , 8 , 51 ~ 3 , 9 , 51 ] )
, ( 8 , 4 , 51 ~ 8 , 7 , 51 , [ 8 , 6 , 50 ~ 8 , 8 , 50 ] )
, ( 6 , 4 , 53 ~ 6 , 6 , 53 , [ 6 , 5 , 50 ~ 6 , 5 , 52 ] )
, ( 2 , 8 , 50 ~ 2 , 8 , 50 , [ 1 , 8 , 49 ~ 2 , 8 , 49 ] )
, ( 4 , 9 , 51 ~ 6 , 9 , 51 , [ 2 , 9 , 50 ~ 4 , 9 , 50 ] )
, ( 4 , 3 , 53 ~ 4 , 3 , 53 , [ 4 , 2 , 52 ~ 4 , 4 , 52 ] )
, ( 6 , 4 , 54 ~ 6 , 6 , 54 , [ 6 , 4 , 53 ~ 6 , 6 , 53 ] )
, ( 3 , 8 , 52 ~ 4 , 8 , 52 , [ 3 , 8 , 51 ~ 3 , 9 , 51 ] )
, ( 8 , 7 , 52 ~ 8 , 9 , 52 , [ 8 , 4 , 51 ~ 8 , 7 , 51 ] )
, ( 6
  , 8
  , 52 ~ 6
  , 9
  , 52
  , [ 6 , 8 , 51 ~ 7 , 8 , 51 , 4 , 9 , 51 ~ 6 , 9 , 51 ]
  )
, ( 2 , 5 , 51 ~ 2 , 8 , 51 , [ 2 , 8 , 50 ~ 2 , 8 , 50 ] )
, ( 5 , 4 , 55 ~ 8 , 4 , 55 , [ 6 , 4 , 54 ~ 6 , 6 , 54 ] )
, ( 2 , 9 , 55 ~ 4 , 9 , 55 , [ 3 , 9 , 52 ~ 3 , 9 , 54 ] )
, ( 6 , 7 , 53 ~ 8 , 7 , 53 , [ 8 , 7 , 52 ~ 8 , 9 , 52 ] )
, ( 4 , 8 , 53 ~ 4 , 8 , 56 , [ 3 , 8 , 52 ~ 4 , 8 , 52 ] )
, ( 2 , 5 , 52 ~ 4 , 5 , 52 , [ 2 , 5 , 51 ~ 2 , 8 , 51 ] )
, ( 7 , 4 , 56 ~ 9 , 4 , 56 , [ 5 , 4 , 55 ~ 8 , 4 , 55 ] )
, ( 1 , 7 , 52 ~ 3 , 7 , 52 , [ 2 , 5 , 51 ~ 2 , 8 , 51 ] )
, ( 2 , 3 , 53 ~ 2 , 6 , 53 , [ 2 , 5 , 52 ~ 4 , 5 , 52 ] )
, ( 6 , 1 , 56 ~ 6 , 4 , 56 , [ 5 , 4 , 55 ~ 8 , 4 , 55 ] )
, ( 8 , 3 , 57 ~ 8 , 6 , 57 , [ 7 , 4 , 56 ~ 9 , 4 , 56 ] )
, ( 1 , 9 , 56 ~ 2 , 9 , 56 , [ 2 , 9 , 55 ~ 4 , 9 , 55 ] )
, ( 9 , 4 , 57 ~ 9 , 5 , 57 , [ 7 , 4 , 56 ~ 9 , 4 , 56 ] )
, ( 2 , 6 , 54 ~ 4 , 6 , 54 , [ 2 , 3 , 53 ~ 2 , 6 , 53 ] )
, ( 1 , 7 , 53 ~ 1 , 8 , 53 , [ 1 , 7 , 52 ~ 3 , 7 , 52 ] )
, ( 0 , 5 , 54 ~ 3 , 5 , 54 , [ 2 , 3 , 53 ~ 2 , 6 , 53 ] )
, ( 2 , 3 , 54 ~ 2 , 3 , 57 , [ 2 , 3 , 53 ~ 2 , 6 , 53 ] )
, ( 9 , 2 , 58 ~ 9 , 4 , 58 , [ 9 , 4 , 57 ~ 9 , 5 , 57 ] )
, ( 4 , 5 , 55 ~ 4 , 7 , 55 , [ 2 , 6 , 54 ~ 4 , 6 , 54 ] )
, ( 5 , 2 , 57 ~ 7 , 2 , 57 , [ 6 , 1 , 56 ~ 6 , 4 , 56 ] )
, ( 4 , 7 , 56 ~ 5 , 7 , 56 , [ 4 , 5 , 55 ~ 4 , 7 , 55 ] )
, ( 8 , 6 , 58 ~ 8 , 6 , 59 , [ 8 , 3 , 57 ~ 8 , 6 , 57 ] )
, ( 2 , 5 , 55 ~ 2 , 5 , 57 , [ 0 , 5 , 54 ~ 3 , 5 , 54 ] )
, ( 1 , 6 , 55 ~ 2 , 6 , 55 , [ 2 , 6 , 54 ~ 4 , 6 , 54 ] )
, ( 9 , 0 , 59 ~ 9 , 3 , 59 , [ 9 , 2 , 58 ~ 9 , 4 , 58 ] )
, ( 9 , 4 , 59 ~ 9 , 6 , 59 , [ 9 , 2 , 58 ~ 9 , 4 , 58 ] )
, ( 4 , 6 , 56 ~ 7 , 6 , 56 , [ 4 , 5 , 55 ~ 4 , 7 , 55 ] )
, ( 0 , 6 , 56 ~ 2 , 6 , 56 , [ 1 , 6 , 55 ~ 2 , 6 , 55 ] )
, ( 9 , 6 , 60 ~ 9 , 7 , 60 , [ 9 , 4 , 59 ~ 9 , 6 , 59 ] )
, ( 9 , 1 , 60 ~ 9 , 2 , 60 , [ 9 , 0 , 59 ~ 9 , 3 , 59 ] )
, ( 7 , 6 , 57 ~ 7 , 6 , 57 , [ 4 , 6 , 56 ~ 7 , 6 , 56 ] )
, ( 2 , 1 , 58 ~ 2 , 3 , 58 , [ 2 , 3 , 54 ~ 2 , 3 , 57 ] )
, ( 4 , 6 , 57 ~ 6 , 6 , 57 , [ 4 , 6 , 56 ~ 7 , 6 , 56 ] )
, ( 4 , 6 , 58 ~ 4 , 7 , 58 , [ 4 , 6 , 57 ~ 6 , 6 , 57 ] )
, ( 9 , 1 , 61 ~ 9 , 4 , 61 , [ 9 , 1 , 60 ~ 9 , 2 , 60 ] )
, ( 0 , 6 , 57 ~ 0 , 9 , 57 , [ 0 , 6 , 56 ~ 2 , 6 , 56 ] )
, ( 4 , 5 , 59 ~ 4 , 7 , 59 , [ 4 , 6 , 58 ~ 4 , 7 , 58 ] )
, ( 0 , 8 , 58 ~ 0 , 8 , 59 , [ 0 , 6 , 57 ~ 0 , 9 , 57 ] )
, ( 0 , 6 , 58 ~ 2 , 6 , 58 , [ 0 , 6 , 57 ~ 0 , 9 , 57 ] )
, ( 2 , 1 , 59 ~ 5 , 1 , 59 , [ 2 , 1 , 58 ~ 2 , 3 , 58 ] )
, ( 2 , 3 , 59 ~ 2 , 4 , 59 , [ 2 , 1 , 58 ~ 2 , 3 , 58 ] )
, ( 9 , 1 , 62 ~ 9 , 1 , 65 , [ 9 , 1 , 61 ~ 9 , 4 , 61 ] )
, ( 2 , 7 , 60 ~ 4 , 7 , 60 , [ 4 , 5 , 59 ~ 4 , 7 , 59 ] )
, ( 0 , 4 , 59 ~ 0 , 6 , 59 , [ 0 , 6 , 58 ~ 2 , 6 , 58 ] )
, ( 4 , 5 , 60 ~ 7 , 5 , 60 , [ 4 , 5 , 59 ~ 4 , 7 , 59 ] )
, ( 0 , 3 , 60 ~ 0 , 4 , 60 , [ 0 , 4 , 59 ~ 0 , 6 , 59 ] )
, ( 3 , 0 , 60 ~ 3 , 2 , 60 , [ 2 , 1 , 59 ~ 5 , 1 , 59 ] )
, ( 4 , 7 , 61 ~ 5 , 7 , 61 , [ 2 , 7 , 60 ~ 4 , 7 , 60 ] )
, ( 1 , 4 , 60 ~ 4 , 4 , 60 , [ 2 , 3 , 59 ~ 2 , 4 , 59 ] )
, ( 0 , 7 , 60 ~ 0 , 9 , 60 , [ 0 , 8 , 58 ~ 0 , 8 , 59 ] )
, ( 6 , 5 , 61 ~ 6 , 7 , 61 , [ 4 , 5 , 60 ~ 7 , 5 , 60 ] )
, ( 2 , 0 , 61 ~ 4 , 0 , 61 , [ 3 , 0 , 60 ~ 3 , 2 , 60 ] )
, ( 0 , 3 , 61 ~ 1 , 3 , 61 , [ 0 , 3 , 60 ~ 0 , 4 , 60 ] )
, ( 0 , 6 , 60 ~ 1 , 6 , 60 , [ 0 , 4 , 59 ~ 0 , 6 , 59 ] )
, ( 3 , 6 , 61 ~ 3 , 8 , 61 , [ 2 , 7 , 60 ~ 4 , 7 , 60 ] )
, ( 6 , 6 , 62 ~ 6 , 6 , 63 , [ 6 , 5 , 61 ~ 6 , 7 , 61 ] )
, ( 0 , 9 , 61 ~ 2 , 9 , 61 , [ 0 , 7 , 60 ~ 0 , 9 , 60 ] )
, ( 2 , 0 , 62 ~ 2 , 2 , 62 , [ 2 , 0 , 61 ~ 4 , 0 , 61 ] )
, ( 2 , 4 , 61 ~ 5 , 4 , 61 , [ 1 , 4 , 60 ~ 4 , 4 , 60 ] )
, ( 3 , 6 , 62 ~ 5 , 6 , 62 , [ 3 , 6 , 61 ~ 3 , 8 , 61 ] )
, ( 6 , 7 , 62 ~ 6 , 9 , 62 , [ 6 , 5 , 61 ~ 6 , 7 , 61 ] )
, ( 0 , 2 , 62 ~ 0 , 4 , 62 , [ 0 , 3 , 61 ~ 1 , 3 , 61 ] )
, ( 6 , 5 , 62 ~ 8 , 5 , 62 , [ 6 , 5 , 61 ~ 6 , 7 , 61 ] )
, ( 0 , 4 , 63 ~ 0 , 4 , 65 , [ 0 , 2 , 62 ~ 0 , 4 , 62 ] )
, ( 3 , 0 , 62 ~ 3 , 2 , 62 , [ 2 , 0 , 61 ~ 4 , 0 , 61 ] )
, ( 4 , 4 , 62 ~ 6 , 4 , 62 , [ 2 , 4 , 61 ~ 5 , 4 , 61 ] )
, ( 6 , 6 , 64 ~ 6 , 6 , 64 , [ 6 , 6 , 62 ~ 6 , 6 , 63 ] )
, ( 5 , 6 , 65 ~ 7 , 6 , 65 , [ 6 , 6 , 64 ~ 6 , 6 , 64 ] )
, ( 3 , 3 , 63 ~ 3 , 6 , 63 , [ 3 , 6 , 62 ~ 5 , 6 , 62 ] )
, ( 5 , 8 , 63 ~ 8 , 8 , 63 , [ 6 , 7 , 62 ~ 6 , 9 , 62 ] )
, ( 3 , 2 , 63 ~ 3 , 2 , 63 , [ 3 , 0 , 62 ~ 3 , 2 , 62 ] )
, ( 2 , 4 , 64 ~ 3 , 4 , 64 , [ 3 , 3 , 63 ~ 3 , 6 , 63 ] )
, ( 3 , 0 , 63 ~ 3 , 1 , 63 , [ 3 , 0 , 62 ~ 3 , 2 , 62 ] )
, ( 2 , 6 , 64 ~ 4 , 6 , 64 , [ 3 , 3 , 63 ~ 3 , 6 , 63 ] )
, ( 7 , 5 , 66 ~ 7 , 7 , 66 , [ 5 , 6 , 65 ~ 7 , 6 , 65 ] )
, ( 3 , 1 , 64 ~ 5 , 1 , 64 , [ 3 , 0 , 63 ~ 3 , 1 , 63 ] )
, ( 2 , 5 , 64 ~ 3 , 5 , 64 , [ 3 , 3 , 63 ~ 3 , 6 , 63 ] )
, ( 3 , 1 , 65 ~ 6 , 1 , 65 , [ 3 , 1 , 64 ~ 5 , 1 , 64 ] )
, ( 3 , 2 , 64 ~ 5 , 2 , 64 , [ 3 , 2 , 63 ~ 3 , 2 , 63 ] )
, ( 3 , 6 , 66 ~ 5 , 6 , 66 , [ 5 , 6 , 65 ~ 7 , 6 , 65 ] )
, ( 2 , 2 , 65 ~ 2 , 4 , 65 , [ 2 , 4 , 64 ~ 3 , 4 , 64 ] )
, ( 4 , 6 , 67 ~ 4 , 6 , 70 , [ 3 , 6 , 66 ~ 5 , 6 , 66 ] )
, ( 5 , 2 , 65 ~ 8 , 2 , 65 , [ 3 , 2 , 64 ~ 5 , 2 , 64 ] )
, ( 1 , 0 , 64 ~ 4 , 0 , 64 , [ 3 , 0 , 63 ~ 3 , 1 , 63 ] )
, ( 5 , 5 , 67 ~ 5 , 9 , 67 , [ 3 , 6 , 66 ~ 5 , 6 , 66 ] )
, ( 0 , 5 , 65 ~ 2 , 5 , 65 , [ 2 , 5 , 64 ~ 3 , 5 , 64 ] )
, ( 5
  , 1
  , 66 ~ 5
  , 3
  , 66
  , [ 3 , 1 , 65 ~ 6 , 1 , 65 , 5 , 2 , 65 ~ 8 , 2 , 65 ]
  )
, ( 2 , 0 , 66 ~ 2 , 2 , 66 , [ 2 , 2 , 65 ~ 2 , 4 , 65 ] )
, ( 5 , 8 , 68 ~ 8 , 8 , 68 , [ 5 , 5 , 67 ~ 5 , 9 , 67 ] )
, ( 1 , 5 , 66 ~ 1 , 6 , 66 , [ 0 , 5 , 65 ~ 2 , 5 , 65 ] )
, ( 4 , 0 , 65 ~ 7 , 0 , 65 , [ 1 , 0 , 64 ~ 4 , 0 , 64 ] )
, ( 8 , 2 , 66 ~ 8 , 5 , 66 , [ 5 , 2 , 65 ~ 8 , 2 , 65 ] )
, ( 8 , 7 , 69 ~ 8 , 8 , 69 , [ 5 , 8 , 68 ~ 8 , 8 , 68 ] )
, ( 2 , 2 , 67 ~ 2 , 4 , 67 , [ 2 , 0 , 66 ~ 2 , 2 , 66 ] )
, ( 8 , 2 , 67 ~ 8 , 2 , 69 , [ 8 , 2 , 66 ~ 8 , 5 , 66 ] )
, ( 4 , 1 , 67 ~ 6 , 1 , 67 , [ 5 , 1 , 66 ~ 5 , 3 , 66 ] )
, ( 7 , 7 , 69 ~ 7 , 9 , 69 , [ 5 , 8 , 68 ~ 8 , 8 , 68 ] )
, ( 1 , 5 , 67 ~ 4 , 5 , 67 , [ 1 , 5 , 66 ~ 1 , 6 , 66 ] )
, ( 2 , 4 , 68 ~ 5 , 4 , 68 , [ 2 , 2 , 67 ~ 2 , 4 , 67 ] )
, ( 2 , 1 , 67 ~ 3 , 1 , 67 , [ 2 , 0 , 66 ~ 2 , 2 , 66 ] )
, ( 5 , 3 , 67 ~ 7 , 3 , 67 , [ 5 , 1 , 66 ~ 5 , 3 , 66 ] )
, ( 6 , 0 , 66 ~ 7 , 0 , 66 , [ 4 , 0 , 65 ~ 7 , 0 , 65 ] )
, ( 6
  , 5
  , 67 ~ 8
  , 5
  , 67
  , [ 7 , 5 , 66 ~ 7 , 7 , 66 , 8 , 2 , 66 ~ 8 , 5 , 66 ]
  )
, ( 4 , 6 , 71 ~ 6 , 6 , 71 , [ 4 , 6 , 67 ~ 4 , 6 , 70 ] )
, ( 4 , 3 , 68 ~ 6 , 3 , 68 , [ 5 , 3 , 67 ~ 7 , 3 , 67 ] )
, ( 7 , 5 , 68 ~ 7 , 5 , 70 , [ 6 , 5 , 67 ~ 8 , 5 , 67 ] )
, ( 2 , 5 , 68 ~ 2 , 5 , 70 , [ 1 , 5 , 67 ~ 4 , 5 , 67 ] )
, ( 6 , 4 , 67 ~ 8 , 4 , 67 , [ 8 , 2 , 66 ~ 8 , 5 , 66 ] )
, ( 6 , 7 , 69 ~ 6 , 8 , 69 , [ 5 , 8 , 68 ~ 8 , 8 , 68 ] )
, ( 7 , 8 , 70 ~ 7 , 8 , 72 , [ 7 , 7 , 69 ~ 7 , 9 , 69 ] )
, ( 7
  , 7
  , 70 ~ 9
  , 7
  , 70
  , [ 8 , 7 , 69 ~ 8 , 8 , 69 , 7 , 7 , 69 ~ 7 , 9 , 69 ]
  )
, ( 4 , 2 , 67 ~ 7 , 2 , 67 , [ 5 , 1 , 66 ~ 5 , 3 , 66 ] )
, ( 5 , 7 , 69 ~ 5 , 9 , 69 , [ 5 , 8 , 68 ~ 8 , 8 , 68 ] )
, ( 8 , 5 , 68 ~ 8 , 6 , 68 , [ 6 , 5 , 67 ~ 8 , 5 , 67 ] )
, ( 2 , 0 , 68 ~ 2 , 1 , 68 , [ 2 , 1 , 67 ~ 3 , 1 , 67 ] )
, ( 2 , 7 , 70 ~ 5 , 7 , 70 , [ 5 , 7 , 69 ~ 5 , 9 , 69 ] )
, ( 3 , 4 , 69 ~ 5 , 4 , 69 , [ 2 , 4 , 68 ~ 5 , 4 , 68 ] )
, ( 6 , 7 , 70 ~ 6 , 8 , 70 , [ 6 , 7 , 69 ~ 6 , 8 , 69 ] )
, ( 5 , 0 , 67 ~ 8 , 0 , 67 , [ 6 , 0 , 66 ~ 7 , 0 , 66 ] )
, ( 2 , 3 , 69 ~ 5 , 3 , 69 , [ 4 , 3 , 68 ~ 6 , 3 , 68 ] )
, ( 3 , 7 , 71 ~ 5 , 7 , 71 , [ 2 , 7 , 70 ~ 5 , 7 , 70 ] )
, ( 3 , 9 , 70 ~ 5 , 9 , 70 , [ 5 , 7 , 69 ~ 5 , 9 , 69 ] )
, ( 6 , 4 , 72 ~ 6 , 7 , 72 , [ 4 , 6 , 71 ~ 6 , 6 , 71 ] )
, ( 2 , 6 , 71 ~ 2 , 8 , 71 , [ 2 , 7 , 70 ~ 5 , 7 , 70 ] )
, ( 1 , 5 , 68 ~ 1 , 7 , 68 , [ 1 , 5 , 67 ~ 4 , 5 , 67 ] )
, ( 2 , 1 , 69 ~ 3 , 1 , 69 , [ 2 , 0 , 68 ~ 2 , 1 , 68 ] )
, ( 2 , 5 , 71 ~ 4 , 5 , 71 , [ 2 , 5 , 68 ~ 2 , 5 , 70 ] )
, ( 6 , 0 , 68 ~ 7 , 0 , 68 , [ 5 , 0 , 67 ~ 8 , 0 , 67 ] )
, ( 1 , 0 , 69 ~ 2 , 0 , 69 , [ 2 , 0 , 68 ~ 2 , 1 , 68 ] )
, ( 5
  , 1
  , 70 ~ 5
  , 4
  , 70
  , [ 3 , 4 , 69 ~ 5 , 4 , 69 , 2 , 3 , 69 ~ 5 , 3 , 69 ]
  )
, ( 2 , 6 , 72 ~ 2 , 8 , 72 , [ 2 , 6 , 71 ~ 2 , 8 , 71 ] )
, ( 6 , 6 , 73 ~ 6 , 6 , 75 , [ 6 , 4 , 72 ~ 6 , 7 , 72 ] )
, ( 5 , 3 , 71 ~ 5 , 4 , 71 , [ 5 , 1 , 70 ~ 5 , 4 , 70 ] )
, ( 6 , 7 , 73 ~ 6 , 7 , 75 , [ 6 , 4 , 72 ~ 6 , 7 , 72 ] )
, ( 1 , 3 , 69 ~ 1 , 6 , 69 , [ 1 , 5 , 68 ~ 1 , 7 , 68 ] )
, ( 4 , 9 , 71 ~ 5 , 9 , 71 , [ 3 , 9 , 70 ~ 5 , 9 , 70 ] )
, ( 5
  , 5
  , 72 ~ 5
  , 8
  , 72
  , [ 4 , 6 , 71 ~ 6 , 6 , 71 , 3 , 7 , 71 ~ 5 , 7 , 71 ]
  )
, ( 8 , 0 , 70 ~ 8 , 2 , 70 , [ 8 , 2 , 67 ~ 8 , 2 , 69 ] )
, ( 6 , 8 , 73 ~ 9 , 8 , 73 , [ 7 , 8 , 70 ~ 7 , 8 , 72 ] )
, ( 7 , 4 , 71 ~ 7 , 5 , 71 , [ 7 , 5 , 68 ~ 7 , 5 , 70 ] )
, ( 6 , 0 , 69 ~ 7 , 0 , 69 , [ 6 , 0 , 68 ~ 7 , 0 , 68 ] )
, ( 2 , 8 , 73 ~ 2 , 9 , 73 , [ 2 , 6 , 72 ~ 2 , 8 , 72 ] )
, ( 5 , 8 , 74 ~ 8 , 8 , 74 , [ 6 , 8 , 73 ~ 9 , 8 , 73 ] )
, ( 8 , 2 , 71 ~ 8 , 4 , 71 , [ 8 , 0 , 70 ~ 8 , 2 , 70 ] )
, ( 7 , 1 , 72 ~ 7 , 4 , 72 , [ 7 , 4 , 71 ~ 7 , 5 , 71 ] )
, ( 5 , 5 , 73 ~ 5 , 5 , 75 , [ 5 , 5 , 72 ~ 5 , 8 , 72 ] )
, ( 4 , 3 , 72 ~ 6 , 3 , 72 , [ 5 , 3 , 71 ~ 5 , 4 , 71 ] )
, ( 2 , 4 , 72 ~ 5 , 4 , 72 , [ 5 , 3 , 71 ~ 5 , 4 , 71 ] )
, ( 1 , 3 , 70 ~ 1 , 7 , 70 , [ 1 , 3 , 69 ~ 1 , 6 , 69 ] )
, ( 7 , 5 , 72 ~ 7 , 6 , 72 , [ 7 , 4 , 71 ~ 7 , 5 , 71 ] )
, ( 5 , 8 , 75 ~ 8 , 8 , 75 , [ 5 , 8 , 74 ~ 8 , 8 , 74 ] )
, ( 1 , 6 , 71 ~ 1 , 8 , 71 , [ 1 , 3 , 70 ~ 1 , 7 , 70 ] )
, ( 0 , 7 , 73 ~ 3 , 7 , 73 , [ 2 , 6 , 72 ~ 2 , 8 , 72 ] )
, ( 4 , 2 , 73 ~ 7 , 2 , 73 , [ 7 , 1 , 72 ~ 7 , 4 , 72 ] )
, ( 1 , 1 , 71 ~ 1 , 3 , 71 , [ 1 , 3 , 70 ~ 1 , 7 , 70 ] )
, ( 4 , 7 , 76 ~ 7 , 7 , 76 , [ 6 , 7 , 73 ~ 6 , 7 , 75 ] )
, ( 2 , 4 , 73 ~ 2 , 4 , 75 , [ 2 , 4 , 72 ~ 5 , 4 , 72 ] )
, ( 1 , 4 , 71 ~ 1 , 5 , 71 , [ 1 , 3 , 70 ~ 1 , 7 , 70 ] )
, ( 0 , 3 , 72 ~ 3 , 3 , 72 , [ 1 , 1 , 71 ~ 1 , 3 , 71 ] )
, ( 6 , 1 , 74 ~ 6 , 3 , 74 , [ 4 , 2 , 73 ~ 7 , 2 , 73 ] )
, ( 5 , 6 , 76 ~ 7 , 6 , 76 , [ 6 , 6 , 73 ~ 6 , 6 , 75 ] )
, ( 7 , 7 , 77 ~ 9 , 7 , 77 , [ 4 , 7 , 76 ~ 7 , 7 , 76 ] )
, ( 1 , 7 , 74 ~ 2 , 7 , 74 , [ 0 , 7 , 73 ~ 3 , 7 , 73 ] )
, ( 0 , 1 , 73 ~ 0 , 3 , 73 , [ 0 , 3 , 72 ~ 3 , 3 , 72 ] )
, ( 1 , 2 , 72 ~ 3 , 2 , 72 , [ 1 , 1 , 71 ~ 1 , 3 , 71 ] )
, ( 2 , 7 , 77 ~ 4 , 7 , 77 , [ 4 , 7 , 76 ~ 7 , 7 , 76 ] )
, ( 5 , 6 , 77 ~ 5 , 6 , 79 , [ 5 , 6 , 76 ~ 7 , 6 , 76 ] )
, ( 0 , 1 , 74 ~ 0 , 2 , 74 , [ 0 , 1 , 73 ~ 0 , 3 , 73 ] )
, ( 2 , 6 , 78 ~ 2 , 9 , 78 , [ 2 , 7 , 77 ~ 4 , 7 , 77 ] )
, ( 0
  , 5
  , 72 ~ 3
  , 5
  , 72
  , [ 2 , 5 , 71 ~ 4 , 5 , 71 , 1 , 4 , 71 ~ 1 , 5 , 71 ]
  )
, ( 6 , 1 , 75 ~ 6 , 3 , 75 , [ 6 , 1 , 74 ~ 6 , 3 , 74 ] )
, ( 3
  , 3
  , 73 ~ 5
  , 3
  , 73
  , [ 4 , 3 , 72 ~ 6 , 3 , 72 , 0 , 3 , 72 ~ 3 , 3 , 72 ]
  )
, ( 1 , 7 , 75 ~ 1 , 8 , 75 , [ 1 , 7 , 74 ~ 2 , 7 , 74 ] )
, ( 7 , 4 , 77 ~ 7 , 6 , 77 , [ 5 , 6 , 76 ~ 7 , 6 , 76 ] )
, ( 4 , 7 , 78 ~ 4 , 9 , 78 , [ 2 , 7 , 77 ~ 4 , 7 , 77 ] )
, ( 4 , 5 , 78 ~ 7 , 5 , 78 , [ 7 , 4 , 77 ~ 7 , 6 , 77 ] )
, ( 6 , 4 , 79 ~ 6 , 6 , 79 , [ 4 , 5 , 78 ~ 7 , 5 , 78 ] )
, ( 1 , 3 , 74 ~ 3 , 3 , 74 , [ 3 , 3 , 73 ~ 5 , 3 , 73 ] )
, ( 0 , 6 , 79 ~ 2 , 6 , 79 , [ 2 , 6 , 78 ~ 2 , 9 , 78 ] )
, ( 4 , 3 , 79 ~ 4 , 6 , 79 , [ 4 , 5 , 78 ~ 7 , 5 , 78 ] )
, ( 6 , 1 , 76 ~ 8 , 1 , 76 , [ 6 , 1 , 75 ~ 6 , 3 , 75 ] )
, ( 2
  , 8
  , 79 ~ 4
  , 8
  , 79
  , [ 2 , 6 , 78 ~ 2 , 9 , 78 , 4 , 7 , 78 ~ 4 , 9 , 78 ]
  )
, ( 7 , 0 , 77 ~ 7 , 2 , 77 , [ 6 , 1 , 76 ~ 8 , 1 , 76 ] )
, ( 7 , 5 , 79 ~ 9 , 5 , 79 , [ 4 , 5 , 78 ~ 7 , 5 , 78 ] )
, ( 8 , 1 , 77 ~ 8 , 4 , 77 , [ 6 , 1 , 76 ~ 8 , 1 , 76 ] )
, ( 4
  , 6
  , 80 ~ 4
  , 9
  , 80
  , [ 4 , 3 , 79 ~ 4 , 6 , 79 , 2 , 8 , 79 ~ 4 , 8 , 79 ]
  )
, ( 1 , 3 , 75 ~ 3 , 3 , 75 , [ 1 , 3 , 74 ~ 3 , 3 , 74 ] )
, ( 0 , 5 , 80 ~ 0 , 7 , 80 , [ 0 , 6 , 79 ~ 2 , 6 , 79 ] )
, ( 5 , 6 , 80 ~ 5 , 8 , 80 , [ 5 , 6 , 77 ~ 5 , 6 , 79 ] )
, ( 4 , 3 , 80 ~ 7 , 3 , 80 , [ 4 , 3 , 79 ~ 4 , 6 , 79 ] )
, ( 0 , 6 , 81 ~ 0 , 6 , 83 , [ 0 , 5 , 80 ~ 0 , 7 , 80 ] )
, ( 5 , 6 , 81 ~ 7 , 6 , 81 , [ 5 , 6 , 80 ~ 5 , 8 , 80 ] )
, ( 2 , 8 , 80 ~ 2 , 9 , 80 , [ 2 , 8 , 79 ~ 4 , 8 , 79 ] )
, ( 6
  , 1
  , 78 ~ 8
  , 1
  , 78
  , [ 7 , 0 , 77 ~ 7 , 2 , 77 , 8 , 1 , 77 ~ 8 , 4 , 77 ]
  )
, ( 5 , 8 , 81 ~ 6 , 8 , 81 , [ 5 , 6 , 80 ~ 5 , 8 , 80 ] )
, ( 5 , 7 , 81 ~ 7 , 7 , 81 , [ 5 , 6 , 80 ~ 5 , 8 , 80 ] )
, ( 7 , 0 , 78 ~ 8 , 0 , 78 , [ 7 , 0 , 77 ~ 7 , 2 , 77 ] )
, ( 4 , 2 , 78 ~ 7 , 2 , 78 , [ 7 , 0 , 77 ~ 7 , 2 , 77 ] )
, ( 6 , 7 , 82 ~ 8 , 7 , 82 , [ 5 , 7 , 81 ~ 7 , 7 , 81 ] )
, ( 4 , 3 , 81 ~ 4 , 5 , 81 , [ 4 , 3 , 80 ~ 7 , 3 , 80 ] )
, ( 6 , 1 , 79 ~ 7 , 1 , 79 , [ 6 , 1 , 78 ~ 8 , 1 , 78 ] )
, ( 7 , 1 , 80 ~ 8 , 1 , 80 , [ 6 , 1 , 79 ~ 7 , 1 , 79 ] )
, ( 5 , 6 , 82 ~ 7 , 6 , 82 , [ 5 , 6 , 81 ~ 7 , 6 , 81 ] )
, ( 4 , 3 , 82 ~ 6 , 3 , 82 , [ 4 , 3 , 81 ~ 4 , 5 , 81 ] )
, ( 5 , 8 , 82 ~ 5 , 9 , 82 , [ 5 , 8 , 81 ~ 6 , 8 , 81 ] )
, ( 4 , 4 , 82 ~ 4 , 4 , 82 , [ 4 , 3 , 81 ~ 4 , 5 , 81 ] )
, ( 6 , 0 , 79 ~ 8 , 0 , 79 , [ 7 , 0 , 78 ~ 8 , 0 , 78 ] )
, ( 5 , 9 , 83 ~ 5 , 9 , 86 , [ 5 , 8 , 82 ~ 5 , 9 , 82 ] )
, ( 6 , 2 , 79 ~ 7 , 2 , 79 , [ 4 , 2 , 78 ~ 7 , 2 , 78 ] )
, ( 5 , 3 , 83 ~ 8 , 3 , 83 , [ 4 , 3 , 82 ~ 6 , 3 , 82 ] )
, ( 5 , 6 , 83 ~ 7 , 6 , 83 , [ 5 , 6 , 82 ~ 7 , 6 , 82 ] )
, ( 8 , 7 , 83 ~ 8 , 9 , 83 , [ 6 , 7 , 82 ~ 8 , 7 , 82 ] )
, ( 4 , 5 , 82 ~ 4 , 6 , 82 , [ 4 , 3 , 81 ~ 4 , 5 , 81 ] )
, ( 6 , 2 , 84 ~ 6 , 4 , 84 , [ 5 , 3 , 83 ~ 8 , 3 , 83 ] )
, ( 6 , 0 , 80 ~ 8 , 0 , 80 , [ 6 , 0 , 79 ~ 8 , 0 , 79 ] )
, ( 8 , 2 , 84 ~ 8 , 3 , 84 , [ 5 , 3 , 83 ~ 8 , 3 , 83 ] )
, ( 8 , 9 , 84 ~ 8 , 9 , 86 , [ 8 , 7 , 83 ~ 8 , 9 , 83 ] )
, ( 2 , 3 , 84 ~ 5 , 3 , 84 , [ 5 , 3 , 83 ~ 8 , 3 , 83 ] )
, ( 6 , 6 , 84 ~ 8 , 6 , 84 , [ 5 , 6 , 83 ~ 7 , 6 , 83 ] )
, ( 7 , 0 , 81 ~ 9 , 0 , 81 , [ 6 , 0 , 80 ~ 8 , 0 , 80 ] )
, ( 6 , 8 , 84 ~ 9 , 8 , 84 , [ 8 , 7 , 83 ~ 8 , 9 , 83 ] )
, ( 6
  , 2
  , 85 ~ 8
  , 2
  , 85
  , [ 6 , 2 , 84 ~ 6 , 4 , 84 , 8 , 2 , 84 ~ 8 , 3 , 84 ]
  )
, ( 9 , 0 , 82 ~ 9 , 0 , 83 , [ 7 , 0 , 81 ~ 9 , 0 , 81 ] )
, ( 6 , 7 , 85 ~ 6 , 8 , 85 , [ 6 , 8 , 84 ~ 9 , 8 , 84 ] )
, ( 9 , 7 , 85 ~ 9 , 9 , 85 , [ 6 , 8 , 84 ~ 9 , 8 , 84 ] )
, ( 7 , 3 , 85 ~ 7 , 6 , 85 , [ 6 , 6 , 84 ~ 8 , 6 , 84 ] )
, ( 5 , 6 , 86 ~ 8 , 6 , 86 , [ 7 , 3 , 85 ~ 7 , 6 , 85 ] )
, ( 7 , 5 , 86 ~ 9 , 5 , 86 , [ 7 , 3 , 85 ~ 7 , 6 , 85 ] )
, ( 2 , 0 , 85 ~ 2 , 3 , 85 , [ 2 , 3 , 84 ~ 5 , 3 , 84 ] )
, ( 7 , 4 , 86 ~ 7 , 4 , 88 , [ 7 , 3 , 85 ~ 7 , 6 , 85 ] )
, ( 3 , 9 , 87 ~ 6 , 9 , 87 , [ 5 , 9 , 83 ~ 5 , 9 , 86 ] )
, ( 5 , 5 , 87 ~ 5 , 7 , 87 , [ 5 , 6 , 86 ~ 8 , 6 , 86 ] )
, ( 6 , 0 , 86 ~ 6 , 2 , 86 , [ 6 , 2 , 85 ~ 8 , 2 , 85 ] )
, ( 8 , 8 , 85 ~ 8 , 8 , 86 , [ 6 , 8 , 84 ~ 9 , 8 , 84 ] )
, ( 8 , 2 , 86 ~ 8 , 3 , 86 , [ 6 , 2 , 85 ~ 8 , 2 , 85 ] )
, ( 8 , 9 , 87 ~ 8 , 9 , 88 , [ 8 , 9 , 84 ~ 8 , 9 , 86 ] )
, ( 5 , 3 , 86 ~ 7 , 3 , 86 , [ 7 , 3 , 85 ~ 7 , 6 , 85 ] )
, ( 7 , 6 , 87 ~ 7 , 8 , 87 , [ 5 , 6 , 86 ~ 8 , 6 , 86 ] )
, ( 2 , 3 , 86 ~ 4 , 3 , 86 , [ 2 , 0 , 85 ~ 2 , 3 , 85 ] )
, ( 8
  , 3
  , 87 ~ 8
  , 5
  , 87
  , [ 7 , 5 , 86 ~ 9 , 5 , 86 , 8 , 2 , 86 ~ 8 , 3 , 86 ]
  )
, ( 1 , 0 , 86 ~ 4 , 0 , 86 , [ 2 , 0 , 85 ~ 2 , 3 , 85 ] )
, ( 5 , 6 , 88 ~ 6 , 6 , 88 , [ 5 , 5 , 87 ~ 5 , 7 , 87 ] )
, ( 3 , 1 , 87 ~ 3 , 4 , 87 , [ 2 , 3 , 86 ~ 4 , 3 , 86 ] )
, ( 0 , 3 , 87 ~ 2 , 3 , 87 , [ 2 , 3 , 86 ~ 4 , 3 , 86 ] )
, ( 1 , 0 , 87 ~ 3 , 0 , 87 , [ 1 , 0 , 86 ~ 4 , 0 , 86 ] )
, ( 5 , 4 , 89 ~ 5 , 6 , 89 , [ 5 , 6 , 88 ~ 6 , 6 , 88 ] )
, ( 5
  , 7
  , 88 ~ 7
  , 7
  , 88
  , [ 5 , 5 , 87 ~ 5 , 7 , 87 , 7 , 6 , 87 ~ 7 , 8 , 87 ]
  )
, ( 5 , 0 , 87 ~ 5 , 3 , 87 , [ 5 , 3 , 86 ~ 7 , 3 , 86 ] )
, ( 2 , 0 , 88 ~ 4 , 0 , 88 , [ 1 , 0 , 87 ~ 3 , 0 , 87 ] )
, ( 3
  , 3
  , 88 ~ 5
  , 3
  , 88
  , [ 3 , 1 , 87 ~ 3 , 4 , 87 , 5 , 0 , 87 ~ 5 , 3 , 87 ]
  )
, ( 6 , 8 , 88 ~ 8 , 8 , 88 , [ 7 , 6 , 87 ~ 7 , 8 , 87 ] )
, ( 5 , 7 , 89 ~ 6 , 7 , 89 , [ 5 , 7 , 88 ~ 7 , 7 , 88 ] )
, ( 5 , 0 , 88 ~ 7 , 0 , 88 , [ 5 , 0 , 87 ~ 5 , 3 , 87 ] )
, ( 7 , 8 , 89 ~ 7 , 9 , 89 , [ 6 , 8 , 88 ~ 8 , 8 , 88 ] )
, ( 4 , 2 , 88 ~ 7 , 2 , 88 , [ 5 , 0 , 87 ~ 5 , 3 , 87 ] )
, ( 6 , 1 , 89 ~ 6 , 3 , 89 , [ 4 , 2 , 88 ~ 7 , 2 , 88 ] )
, ( 1 , 2 , 88 ~ 1 , 6 , 88 , [ 0 , 3 , 87 ~ 2 , 3 , 87 ] )
, ( 6 , 7 , 90 ~ 6 , 9 , 90 , [ 5 , 7 , 89 ~ 6 , 7 , 89 ] )
, ( 5
  , 6
  , 90 ~ 5
  , 8
  , 90
  , [ 5 , 4 , 89 ~ 5 , 6 , 89 , 5 , 7 , 89 ~ 6 , 7 , 89 ]
  )
, ( 0 , 0 , 89 ~ 3 , 0 , 89 , [ 2 , 0 , 88 ~ 4 , 0 , 88 ] )
, ( 5 , 0 , 89 ~ 5 , 0 , 91 , [ 5 , 0 , 88 ~ 7 , 0 , 88 ] )
, ( 6 , 8 , 91 ~ 9 , 8 , 91 , [ 6 , 7 , 90 ~ 6 , 9 , 90 ] )
, ( 3 , 2 , 89 ~ 5 , 2 , 89 , [ 4 , 2 , 88 ~ 7 , 2 , 88 ] )
, ( 2 , 0 , 90 ~ 2 , 2 , 90 , [ 0 , 0 , 89 ~ 3 , 0 , 89 ] )
, ( 7 , 1 , 89 ~ 7 , 3 , 89 , [ 4 , 2 , 88 ~ 7 , 2 , 88 ] )
, ( 0 , 5 , 89 ~ 2 , 5 , 89 , [ 1 , 2 , 88 ~ 1 , 6 , 88 ] )
, ( 1 , 6 , 89 ~ 1 , 8 , 89 , [ 1 , 2 , 88 ~ 1 , 6 , 88 ] )
, ( 0 , 0 , 90 ~ 0 , 0 , 90 , [ 0 , 0 , 89 ~ 3 , 0 , 89 ] )
, ( 9 , 7 , 92 ~ 9 , 9 , 92 , [ 6 , 8 , 91 ~ 9 , 8 , 91 ] )
, ( 1 , 3 , 89 ~ 2 , 3 , 89 , [ 1 , 2 , 88 ~ 1 , 6 , 88 ] )
, ( 9 , 5 , 93 ~ 9 , 9 , 93 , [ 9 , 7 , 92 ~ 9 , 9 , 92 ] )
, ( 1 , 8 , 90 ~ 3 , 8 , 90 , [ 1 , 6 , 89 ~ 1 , 8 , 89 ] )
, ( 6 , 6 , 92 ~ 6 , 8 , 92 , [ 6 , 8 , 91 ~ 9 , 8 , 91 ] )
, ( 4 , 0 , 90 ~ 4 , 2 , 90 , [ 3 , 2 , 89 ~ 5 , 2 , 89 ] )
, ( 2 , 3 , 90 ~ 4 , 3 , 90 , [ 1 , 3 , 89 ~ 2 , 3 , 89 ] )
, ( 1 , 5 , 90 ~ 4 , 5 , 90 , [ 0 , 5 , 89 ~ 2 , 5 , 89 ] )
, ( 0 , 3 , 91 ~ 2 , 3 , 91 , [ 2 , 3 , 90 ~ 4 , 3 , 90 ] )
, ( 2 , 0 , 91 ~ 3 , 0 , 91 , [ 2 , 0 , 90 ~ 2 , 2 , 90 ] )
, ( 7 , 1 , 90 ~ 7 , 2 , 90 , [ 7 , 1 , 89 ~ 7 , 3 , 89 ] )
, ( 2 , 8 , 91 ~ 3 , 8 , 91 , [ 1 , 8 , 90 ~ 3 , 8 , 90 ] )
, ( 3 , 2 , 91 ~ 6 , 2 , 91 , [ 4 , 0 , 90 ~ 4 , 2 , 90 ] )
, ( 0 , 1 , 92 ~ 0 , 3 , 92 , [ 0 , 3 , 91 ~ 2 , 3 , 91 ] )
, ( 6 , 6 , 93 ~ 6 , 9 , 93 , [ 6 , 6 , 92 ~ 6 , 8 , 92 ] )
, ( 7 , 1 , 91 ~ 7 , 2 , 91 , [ 7 , 1 , 90 ~ 7 , 2 , 90 ] )
, ( 6 , 8 , 94 ~ 7 , 8 , 94 , [ 6 , 6 , 93 ~ 6 , 9 , 93 ] )
, ( 3 , 1 , 91 ~ 5 , 1 , 91 , [ 4 , 0 , 90 ~ 4 , 2 , 90 ] )
, ( 2 , 4 , 92 ~ 2 , 8 , 92 , [ 2 , 8 , 91 ~ 3 , 8 , 91 ] )
, ( 1 , 4 , 91 ~ 1 , 5 , 91 , [ 1 , 5 , 90 ~ 4 , 5 , 90 ] )
, ( 1 , 6 , 91 ~ 1 , 8 , 91 , [ 1 , 8 , 90 ~ 3 , 8 , 90 ] )
, ( 0 , 2 , 93 ~ 0 , 4 , 93 , [ 0 , 1 , 92 ~ 0 , 3 , 92 ] )
, ( 4 , 3 , 91 ~ 4 , 4 , 91 , [ 2 , 3 , 90 ~ 4 , 3 , 90 ] )
, ( 4 , 2 , 92 ~ 4 , 2 , 94 , [ 3 , 2 , 91 ~ 6 , 2 , 91 ] )
, ( 5 , 9 , 94 ~ 7 , 9 , 94 , [ 6 , 6 , 93 ~ 6 , 9 , 93 ] )
, ( 2 , 1 , 93 ~ 2 , 4 , 93 , [ 2 , 4 , 92 ~ 2 , 8 , 92 ] )
, ( 6 , 8 , 95 ~ 8 , 8 , 95 , [ 6 , 8 , 94 ~ 7 , 8 , 94 ] )
, ( 5
  , 2
  , 92 ~ 7
  , 2
  , 92
  , [ 3 , 2 , 91 ~ 6 , 2 , 91 , 7 , 1 , 91 ~ 7 , 2 , 91 ]
  )
, ( 6 , 6 , 94 ~ 8 , 6 , 94 , [ 6 , 6 , 93 ~ 6 , 9 , 93 ] )
, ( 4 , 7 , 94 ~ 6 , 7 , 94 , [ 6 , 6 , 93 ~ 6 , 9 , 93 ] )
, ( 6 , 2 , 93 ~ 7 , 2 , 93 , [ 5 , 2 , 92 ~ 7 , 2 , 92 ] )
, ( 2 , 5 , 93 ~ 5 , 5 , 93 , [ 2 , 4 , 92 ~ 2 , 8 , 92 ] )
, ( 2 , 6 , 93 ~ 3 , 6 , 93 , [ 2 , 4 , 92 ~ 2 , 8 , 92 ] )
, ( 1 , 3 , 94 ~ 2 , 3 , 94 , [ 2 , 1 , 93 ~ 2 , 4 , 93 ] )
, ( 2 , 4 , 94 ~ 2 , 4 , 96 , [ 2 , 1 , 93 ~ 2 , 4 , 93 ] )
, ( 6 , 9 , 95 ~ 6 , 9 , 95 , [ 5 , 9 , 94 ~ 7 , 9 , 94 ] )
, ( 0 , 6 , 94 ~ 2 , 6 , 94 , [ 2 , 6 , 93 ~ 3 , 6 , 93 ] )
, ( 0 , 3 , 94 ~ 0 , 5 , 94 , [ 0 , 2 , 93 ~ 0 , 4 , 93 ] )
, ( 7 , 1 , 92 ~ 9 , 1 , 92 , [ 7 , 1 , 91 ~ 7 , 2 , 91 ] )
, ( 0 , 7 , 93 ~ 2 , 7 , 93 , [ 2 , 4 , 92 ~ 2 , 8 , 92 ] )
, ( 1 , 1 , 94 ~ 3 , 1 , 94 , [ 2 , 1 , 93 ~ 2 , 4 , 93 ] )
, ( 1 , 5 , 94 ~ 2 , 5 , 94 , [ 2 , 5 , 93 ~ 5 , 5 , 93 ] )
, ( 9 , 0 , 93 ~ 9 , 2 , 93 , [ 7 , 1 , 92 ~ 9 , 1 , 92 ] )
, ( 0 , 7 , 94 ~ 0 , 9 , 94 , [ 0 , 7 , 93 ~ 2 , 7 , 93 ] )
, ( 6 , 9 , 96 ~ 8 , 9 , 96 , [ 6 , 9 , 95 ~ 6 , 9 , 95 ] )
, ( 4 , 7 , 95 ~ 4 , 7 , 97 , [ 4 , 7 , 94 ~ 6 , 7 , 94 ] )
, ( 6 , 8 , 96 ~ 7 , 8 , 96 , [ 6 , 8 , 95 ~ 8 , 8 , 95 ] )
, ( 3 , 6 , 94 ~ 3 , 9 , 94 , [ 2 , 6 , 93 ~ 3 , 6 , 93 ] )
, ( 3 , 5 , 94 ~ 5 , 5 , 94 , [ 2 , 5 , 93 ~ 5 , 5 , 93 ] )
, ( 2 , 9 , 95 ~ 4 , 9 , 95 , [ 3 , 6 , 94 ~ 3 , 9 , 94 ] )
, ( 8 , 4 , 95 ~ 8 , 6 , 95 , [ 6 , 6 , 94 ~ 8 , 6 , 94 ] )
, ( 1 , 8 , 95 ~ 4 , 8 , 95 , [ 3 , 6 , 94 ~ 3 , 9 , 94 ] )
, ( 5 , 3 , 95 ~ 5 , 6 , 95 , [ 3 , 5 , 94 ~ 5 , 5 , 94 ] )
, ( 0 , 5 , 95 ~ 0 , 5 , 97 , [ 0 , 3 , 94 ~ 0 , 5 , 94 ] )
, ( 1 , 0 , 95 ~ 1 , 2 , 95 , [ 1 , 1 , 94 ~ 3 , 1 , 94 ] )
, ( 2 , 2 , 95 ~ 4 , 2 , 95 , [ 4 , 2 , 92 ~ 4 , 2 , 94 ] )
, ( 3 , 7 , 95 ~ 3 , 7 , 96 , [ 3 , 6 , 94 ~ 3 , 9 , 94 ] )
, ( 5 , 6 , 96 ~ 5 , 9 , 96 , [ 5 , 3 , 95 ~ 5 , 6 , 95 ] )
, ( 1 , 8 , 96 ~ 3 , 8 , 96 , [ 1 , 8 , 95 ~ 4 , 8 , 95 ] )
, ( 0 , 9 , 95 ~ 0 , 9 , 98 , [ 0 , 7 , 94 ~ 0 , 9 , 94 ] )
, ( 1 , 6 , 97 ~ 1 , 9 , 97 , [ 1 , 8 , 96 ~ 3 , 8 , 96 ] )
, ( 3 , 2 , 96 ~ 5 , 2 , 96 , [ 2 , 2 , 95 ~ 4 , 2 , 95 ] )
, ( 7 , 8 , 97 ~ 9 , 8 , 97 , [ 6 , 8 , 96 ~ 7 , 8 , 96 ] )
, ( 5 , 7 , 97 ~ 7 , 7 , 97 , [ 5 , 6 , 96 ~ 5 , 9 , 96 ] )
, ( 1 , 0 , 96 ~ 1 , 2 , 96 , [ 1 , 0 , 95 ~ 1 , 2 , 95 ] )
, ( 8 , 4 , 96 ~ 8 , 5 , 96 , [ 8 , 4 , 95 ~ 8 , 6 , 95 ] )
, ( 2 , 2 , 96 ~ 2 , 2 , 98 , [ 2 , 2 , 95 ~ 4 , 2 , 95 ] )
, ( 0 , 5 , 98 ~ 0 , 5 , 98 , [ 0 , 5 , 95 ~ 0 , 5 , 97 ] )
, ( 2 , 7 , 97 ~ 3 , 7 , 97 , [ 3 , 7 , 95 ~ 3 , 7 , 96 ] )
, ( 0 , 1 , 97 ~ 3 , 1 , 97 , [ 1 , 0 , 96 ~ 1 , 2 , 96 ] )
, ( 9 , 8 , 98 ~ 9 , 8 , 98 , [ 7 , 8 , 97 ~ 9 , 8 , 97 ] )
, ( 5 , 7 , 98 ~ 5 , 9 , 98 , [ 5 , 7 , 97 ~ 7 , 7 , 97 ] )
, ( 6 , 7 , 98 ~ 6 , 8 , 98 , [ 5 , 7 , 97 ~ 7 , 7 , 97 ] )
, ( 3 , 2 , 97 ~ 3 , 5 , 97 , [ 3 , 2 , 96 ~ 5 , 2 , 96 ] )
, ( 2 , 6 , 98 ~ 2 , 8 , 98 , [ 2 , 7 , 97 ~ 3 , 7 , 97 ] )
, ( 6 , 4 , 97 ~ 9 , 4 , 97 , [ 8 , 4 , 96 ~ 8 , 5 , 96 ] )
, ( 5 , 7 , 99 ~ 5 , 9 , 99 , [ 5 , 7 , 98 ~ 5 , 9 , 98 ] )
, ( 2 , 8 , 99 ~ 2 , 8 , 101 , [ 2 , 6 , 98 ~ 2 , 8 , 98 ] )
, ( 0 , 1 , 98 ~ 0 , 3 , 98 , [ 0 , 1 , 97 ~ 3 , 1 , 97 ] )
, ( 5 , 7 , 100 ~ 7 , 7 , 100 , [ 5 , 7 , 99 ~ 5 , 9 , 99 ] )
, ( 8 , 4 , 98 ~ 8 , 7 , 98 , [ 6 , 4 , 97 ~ 9 , 4 , 97 ] )
, ( 0 , 2 , 99 ~ 0 , 2 , 101 , [ 0 , 1 , 98 ~ 0 , 3 , 98 ] )
, ( 6 , 3 , 98 ~ 6 , 6 , 98 , [ 6 , 4 , 97 ~ 9 , 4 , 97 ] )
, ( 2 , 5 , 99 ~ 2 , 7 , 99 , [ 2 , 6 , 98 ~ 2 , 8 , 98 ] )
, ( 5 , 9 , 100 ~ 5 , 9 , 103 , [ 5 , 7 , 99 ~ 5 , 9 , 99 ] )
, ( 0
  , 3
  , 99 ~ 0
  , 5
  , 99
  , [ 0 , 5 , 98 ~ 0 , 5 , 98 , 0 , 1 , 98 ~ 0 , 3 , 98 ]
  )
, ( 8 , 4 , 99 ~ 8 , 6 , 99 , [ 8 , 4 , 98 ~ 8 , 7 , 98 ] )
, ( 1 , 5 , 100 ~ 2 , 5 , 100 , [ 2 , 5 , 99 ~ 2 , 7 , 99 ] )
, ( 2 , 6 , 100 ~ 3 , 6 , 100 , [ 2 , 5 , 99 ~ 2 , 7 , 99 ] )
, ( 6 , 2 , 99 ~ 6 , 5 , 99 , [ 6 , 3 , 98 ~ 6 , 6 , 98 ] )
, ( 6 , 4 , 100 ~ 6 , 6 , 100 , [ 6 , 2 , 99 ~ 6 , 5 , 99 ] )
, ( 1 , 3 , 101 ~ 1 , 7 , 101 , [ 1 , 5 , 100 ~ 2 , 5 , 100 ] )
, ( 8 , 6 , 100 ~ 9 , 6 , 100 , [ 8 , 4 , 99 ~ 8 , 6 , 99 ] )
, ( 3 , 6 , 101 ~ 3 , 8 , 101 , [ 2 , 6 , 100 ~ 3 , 6 , 100 ] )
, ( 5 , 9 , 104 ~ 8 , 9 , 104 , [ 5 , 9 , 100 ~ 5 , 9 , 103 ] )
, ( 8 , 3 , 101 ~ 8 , 6 , 101 , [ 8 , 6 , 100 ~ 9 , 6 , 100 ] )
, ( 3 , 4 , 101 ~ 6 , 4 , 101 , [ 6 , 4 , 100 ~ 6 , 6 , 100 ] )
, ( 1
  , 7
  , 102 ~ 4
  , 7
  , 102
  , [ 1 , 3 , 101 ~ 1 , 7 , 101 , 3 , 6 , 101 ~ 3 , 8 , 101 ]
  )
, ( 1 , 5 , 102 ~ 3 , 5 , 102 , [ 1 , 3 , 101 ~ 1 , 7 , 101 ] )
, ( 6 , 5 , 102 ~ 9 , 5 , 102 , [ 8 , 3 , 101 ~ 8 , 6 , 101 ] )
, ( 6 , 3 , 102 ~ 8 , 3 , 102 , [ 8 , 3 , 101 ~ 8 , 6 , 101 ] )
, ( 4 , 7 , 103 ~ 4 , 9 , 103 , [ 1 , 7 , 102 ~ 4 , 7 , 102 ] )
, ( 8
  , 3
  , 103 ~ 8
  , 5
  , 103
  , [ 6 , 5 , 102 ~ 9 , 5 , 102 , 6 , 3 , 102 ~ 8 , 3 , 102 ]
  )
, ( 8 , 6 , 102 ~ 8 , 7 , 102 , [ 8 , 3 , 101 ~ 8 , 6 , 101 ] )
, ( 5 , 4 , 102 ~ 5 , 5 , 102 , [ 3 , 4 , 101 ~ 6 , 4 , 101 ] )
, ( 9 , 5 , 103 ~ 9 , 5 , 103 , [ 6 , 5 , 102 ~ 9 , 5 , 102 ] )
, ( 3 , 9 , 104 ~ 4 , 9 , 104 , [ 4 , 7 , 103 ~ 4 , 9 , 103 ] )
, ( 7 , 5 , 104 ~ 8 , 5 , 104 , [ 8 , 3 , 103 ~ 8 , 5 , 103 ] )
, ( 6 , 1 , 103 ~ 6 , 4 , 103 , [ 6 , 3 , 102 ~ 8 , 3 , 102 ] )
, ( 5 , 3 , 104 ~ 7 , 3 , 104 , [ 6 , 1 , 103 ~ 6 , 4 , 103 ] )
, ( 4 , 4 , 104 ~ 7 , 4 , 104 , [ 6 , 1 , 103 ~ 6 , 4 , 103 ] )
, ( 3 , 2 , 104 ~ 6 , 2 , 104 , [ 6 , 1 , 103 ~ 6 , 4 , 103 ] )
, ( 4 , 0 , 105 ~ 4 , 2 , 105 , [ 3 , 2 , 104 ~ 6 , 2 , 104 ] )
, ( 4 , 4 , 105 ~ 4 , 6 , 105 , [ 4 , 4 , 104 ~ 7 , 4 , 104 ] )
, ( 6 , 1 , 104 ~ 8 , 1 , 104 , [ 6 , 1 , 103 ~ 6 , 4 , 103 ] )
, ( 1 , 6 , 106 ~ 4 , 6 , 106 , [ 4 , 4 , 105 ~ 4 , 6 , 105 ] )
, ( 3 , 6 , 107 ~ 5 , 6 , 107 , [ 1 , 6 , 106 ~ 4 , 6 , 106 ] )
, ( 5
  , 3
  , 105 ~ 5
  , 5
  , 105
  , [ 5 , 3 , 104 ~ 7 , 3 , 104 , 4 , 4 , 104 ~ 7 , 4 , 104 ]
  )
, ( 3 , 2 , 105 ~ 3 , 2 , 107 , [ 3 , 2 , 104 ~ 6 , 2 , 104 ] )
, ( 2 , 0 , 106 ~ 4 , 0 , 106 , [ 4 , 0 , 105 ~ 4 , 2 , 105 ] )
, ( 6 , 4 , 105 ~ 8 , 4 , 105 , [ 4 , 4 , 104 ~ 7 , 4 , 104 ] )
, ( 1 , 1 , 106 ~ 4 , 1 , 106 , [ 4 , 0 , 105 ~ 4 , 2 , 105 ] )
, ( 2 , 5 , 107 ~ 2 , 8 , 107 , [ 1 , 6 , 106 ~ 4 , 6 , 106 ] )
, ( 3
  , 4
  , 106 ~ 6
  , 4
  , 106
  , [ 4
    , 4
    , 105 ~ 4
    , 6
    , 105
    , 5
    , 3
    , 105 ~ 5
    , 5
    , 105
    , 6
    , 4
    , 105 ~ 8
    , 4
    , 105
    ]
  )
, ( 7 , 4 , 106 ~ 9 , 4 , 106 , [ 6 , 4 , 105 ~ 8 , 4 , 105 ] )
, ( 2 , 5 , 108 ~ 2 , 7 , 108 , [ 2 , 5 , 107 ~ 2 , 8 , 107 ] )
, ( 7 , 0 , 105 ~ 7 , 2 , 105 , [ 6 , 1 , 104 ~ 8 , 1 , 104 ] )
, ( 1 , 8 , 108 ~ 3 , 8 , 108 , [ 2 , 5 , 107 ~ 2 , 8 , 107 ] )
, ( 8 , 1 , 105 ~ 8 , 2 , 105 , [ 6 , 1 , 104 ~ 8 , 1 , 104 ] )
, ( 1 , 0 , 107 ~ 1 , 2 , 107 , [ 1 , 1 , 106 ~ 4 , 1 , 106 ] )
, ( 5 , 6 , 108 ~ 8 , 6 , 108 , [ 3 , 6 , 107 ~ 5 , 6 , 107 ] )
, ( 4 , 3 , 106 ~ 5 , 3 , 106 , [ 5 , 3 , 105 ~ 5 , 5 , 105 ] )
, ( 4 , 6 , 108 ~ 4 , 8 , 108 , [ 3 , 6 , 107 ~ 5 , 6 , 107 ] )
, ( 1 , 8 , 109 ~ 1 , 9 , 109 , [ 1 , 8 , 108 ~ 3 , 8 , 108 ] )
, ( 3 , 8 , 109 ~ 3 , 8 , 110 , [ 1 , 8 , 108 ~ 3 , 8 , 108 ] )
, ( 2 , 0 , 107 ~ 2 , 0 , 110 , [ 2 , 0 , 106 ~ 4 , 0 , 106 ] )
, ( 4 , 0 , 107 ~ 4 , 0 , 107 , [ 2 , 0 , 106 ~ 4 , 0 , 106 ] )
, ( 4
  , 5
  , 106 ~ 7
  , 5
  , 106
  , [ 4 , 4 , 105 ~ 4 , 6 , 105 , 5 , 3 , 105 ~ 5 , 5 , 105 ]
  )
, ( 3 , 2 , 108 ~ 6 , 2 , 108 , [ 3 , 2 , 105 ~ 3 , 2 , 107 ] )
, ( 3 , 3 , 108 ~ 3 , 6 , 108 , [ 3 , 6 , 107 ~ 5 , 6 , 107 ] )
, ( 5
  , 3
  , 107 ~ 5
  , 5
  , 107
  , [ 3
    , 4
    , 106 ~ 6
    , 4
    , 106
    , 4
    , 3
    , 106 ~ 5
    , 3
    , 106
    , 4
    , 5
    , 106 ~ 7
    , 5
    , 106
    ]
  )
, ( 9 , 4 , 107 ~ 9 , 6 , 107 , [ 7 , 4 , 106 ~ 9 , 4 , 106 ] )
, ( 8 , 5 , 109 ~ 8 , 8 , 109 , [ 5 , 6 , 108 ~ 8 , 6 , 108 ] )
, ( 0 , 5 , 109 ~ 2 , 5 , 109 , [ 2 , 5 , 108 ~ 2 , 7 , 108 ] )
, ( 1
  , 6
  , 109 ~ 3
  , 6
  , 109
  , [ 2 , 5 , 108 ~ 2 , 7 , 108 , 3 , 3 , 108 ~ 3 , 6 , 108 ]
  )
, ( 3 , 2 , 109 ~ 5 , 2 , 109 , [ 3 , 2 , 108 ~ 6 , 2 , 108 ] )
, ( 7 , 5 , 109 ~ 7 , 8 , 109 , [ 5 , 6 , 108 ~ 8 , 6 , 108 ] )
, ( 6 , 6 , 110 ~ 7 , 6 , 110 , [ 7 , 5 , 109 ~ 7 , 8 , 109 ] )
, ( 2 , 8 , 111 ~ 5 , 8 , 111 , [ 3 , 8 , 109 ~ 3 , 8 , 110 ] )
, ( 9 , 3 , 108 ~ 9 , 4 , 108 , [ 9 , 4 , 107 ~ 9 , 6 , 107 ] )
, ( 0 , 5 , 110 ~ 0 , 8 , 110 , [ 0 , 5 , 109 ~ 2 , 5 , 109 ] )
, ( 3 , 3 , 110 ~ 3 , 6 , 110 , [ 1 , 6 , 109 ~ 3 , 6 , 109 ] )
, ( 6 , 6 , 111 ~ 9 , 6 , 111 , [ 6 , 6 , 110 ~ 7 , 6 , 110 ] )
, ( 2 , 6 , 110 ~ 2 , 6 , 113 , [ 1 , 6 , 109 ~ 3 , 6 , 109 ] )
, ( 2 , 0 , 111 ~ 2 , 2 , 111 , [ 2 , 0 , 107 ~ 2 , 0 , 110 ] )
, ( 7
  , 7
  , 110 ~ 9
  , 7
  , 110
  , [ 8 , 5 , 109 ~ 8 , 8 , 109 , 7 , 5 , 109 ~ 7 , 8 , 109 ]
  )
, ( 8 , 7 , 111 ~ 8 , 9 , 111 , [ 7 , 7 , 110 ~ 9 , 7 , 110 ] )
, ( 4 , 2 , 110 ~ 4 , 2 , 114 , [ 3 , 2 , 109 ~ 5 , 2 , 109 ] )
, ( 0 , 8 , 112 ~ 2 , 8 , 112 , [ 2 , 8 , 111 ~ 5 , 8 , 111 ] )
, ( 6 , 3 , 109 ~ 9 , 3 , 109 , [ 9 , 3 , 108 ~ 9 , 4 , 108 ] )
, ( 5 , 7 , 112 ~ 5 , 8 , 112 , [ 2 , 8 , 111 ~ 5 , 8 , 111 ] )
, ( 0 , 6 , 111 ~ 0 , 7 , 111 , [ 0 , 5 , 110 ~ 0 , 8 , 110 ] )
, ( 2 , 0 , 112 ~ 2 , 3 , 112 , [ 2 , 0 , 111 ~ 2 , 2 , 111 ] )
, ( 7 , 0 , 110 ~ 7 , 3 , 110 , [ 6 , 3 , 109 ~ 9 , 3 , 109 ] )
, ( 3 , 7 , 113 ~ 7 , 7 , 113 , [ 5 , 7 , 112 ~ 5 , 8 , 112 ] )
, ( 1 , 1 , 113 ~ 4 , 1 , 113 , [ 2 , 0 , 112 ~ 2 , 3 , 112 ] )
, ( 0 , 7 , 112 ~ 1 , 7 , 112 , [ 0 , 6 , 111 ~ 0 , 7 , 111 ] )
, ( 2 , 4 , 111 ~ 4 , 4 , 111 , [ 3 , 3 , 110 ~ 3 , 6 , 110 ] )
, ( 5 , 8 , 113 ~ 5 , 9 , 113 , [ 5 , 7 , 112 ~ 5 , 8 , 112 ] )
, ( 1 , 8 , 113 ~ 2 , 8 , 113 , [ 0 , 8 , 112 ~ 2 , 8 , 112 ] )
, ( 0 , 3 , 113 ~ 3 , 3 , 113 , [ 2 , 0 , 112 ~ 2 , 3 , 112 ] )
, ( 6 , 0 , 110 ~ 6 , 3 , 110 , [ 6 , 3 , 109 ~ 9 , 3 , 109 ] )
, ( 0 , 5 , 112 ~ 0 , 6 , 112 , [ 0 , 6 , 111 ~ 0 , 7 , 111 ] )
, ( 1 , 1 , 114 ~ 4 , 1 , 114 , [ 1 , 1 , 113 ~ 4 , 1 , 113 ] )
, ( 8
  , 3
  , 110 ~ 8
  , 5
  , 110
  , [ 8 , 5 , 109 ~ 8 , 8 , 109 , 6 , 3 , 109 ~ 9 , 3 , 109 ]
  )
, ( 7 , 0 , 111 ~ 9 , 0 , 111 , [ 7 , 0 , 110 ~ 7 , 3 , 110 ] )
, ( 2 , 2 , 114 ~ 2 , 5 , 114 , [ 0 , 3 , 113 ~ 3 , 3 , 113 ] )
, ( 7 , 8 , 112 ~ 9 , 8 , 112 , [ 8 , 7 , 111 ~ 8 , 9 , 111 ] )
, ( 4 , 1 , 115 ~ 4 , 1 , 116 , [ 1 , 1 , 114 ~ 4 , 1 , 114 ] )
, ( 6 , 2 , 111 ~ 6 , 4 , 111 , [ 6 , 0 , 110 ~ 6 , 3 , 110 ] )
, ( 4 , 4 , 114 ~ 4 , 7 , 114 , [ 3 , 7 , 113 ~ 7 , 7 , 113 ] )
, ( 6 , 2 , 112 ~ 6 , 3 , 112 , [ 6 , 2 , 111 ~ 6 , 4 , 111 ] )
, ( 2 , 1 , 115 ~ 3 , 1 , 115 , [ 1 , 1 , 114 ~ 4 , 1 , 114 ] )
, ( 5 , 6 , 114 ~ 5 , 7 , 114 , [ 3 , 7 , 113 ~ 7 , 7 , 113 ] )
, ( 7 , 7 , 114 ~ 9 , 7 , 114 , [ 3 , 7 , 113 ~ 7 , 7 , 113 ] )
, ( 6 , 7 , 114 ~ 6 , 7 , 115 , [ 3 , 7 , 113 ~ 7 , 7 , 113 ] )
, ( 6
  , 1
  , 111 ~ 8
  , 1
  , 111
  , [ 7 , 0 , 110 ~ 7 , 3 , 110 , 6 , 0 , 110 ~ 6 , 3 , 110 ]
  )
, ( 3 , 7 , 114 ~ 3 , 8 , 114 , [ 3 , 7 , 113 ~ 7 , 7 , 113 ] )
, ( 6 , 0 , 112 ~ 9 , 0 , 112 , [ 7 , 0 , 111 ~ 9 , 0 , 111 ] )
, ( 3 , 3 , 114 ~ 3 , 5 , 114 , [ 0 , 3 , 113 ~ 3 , 3 , 113 ] )
, ( 4 , 4 , 115 ~ 4 , 6 , 115 , [ 4 , 4 , 114 ~ 4 , 7 , 114 ] )
, ( 8 , 8 , 113 ~ 9 , 8 , 113 , [ 7 , 8 , 112 ~ 9 , 8 , 112 ] )
, ( 6 , 3 , 113 ~ 6 , 5 , 113 , [ 6 , 2 , 112 ~ 6 , 3 , 112 ] )
, ( 2 , 2 , 115 ~ 2 , 4 , 115 , [ 2 , 2 , 114 ~ 2 , 5 , 114 ] )
, ( 2 , 6 , 114 ~ 2 , 6 , 115 , [ 2 , 6 , 110 ~ 2 , 6 , 113 ] )
, ( 6 , 5 , 114 ~ 7 , 5 , 114 , [ 6 , 3 , 113 ~ 6 , 5 , 113 ] )
, ( 4 , 3 , 114 ~ 6 , 3 , 114 , [ 6 , 3 , 113 ~ 6 , 5 , 113 ] )
, ( 0 , 1 , 116 ~ 2 , 1 , 116 , [ 2 , 1 , 115 ~ 3 , 1 , 115 ] )
, ( 7 , 4 , 111 ~ 9 , 4 , 111 , [ 8 , 3 , 110 ~ 8 , 5 , 110 ] )
, ( 3 , 3 , 115 ~ 3 , 5 , 115 , [ 3 , 3 , 114 ~ 3 , 5 , 114 ] )
, ( 9 , 8 , 114 ~ 9 , 9 , 114 , [ 8 , 8 , 113 ~ 9 , 8 , 113 ] )
, ( 6 , 1 , 112 ~ 6 , 1 , 114 , [ 6 , 1 , 111 ~ 8 , 1 , 111 ] )
, ( 2
  , 1
  , 117 ~ 4
  , 1
  , 117
  , [ 4 , 1 , 115 ~ 4 , 1 , 116 , 0 , 1 , 116 ~ 2 , 1 , 116 ]
  )
, ( 9 , 2 , 112 ~ 9 , 5 , 112 , [ 7 , 4 , 111 ~ 9 , 4 , 111 ] )
, ( 4 , 4 , 116 ~ 6 , 4 , 116 , [ 4 , 4 , 115 ~ 4 , 6 , 115 ] )
, ( 4 , 5 , 116 ~ 4 , 7 , 116 , [ 4 , 4 , 115 ~ 4 , 6 , 115 ] )
, ( 0 , 0 , 117 ~ 0 , 3 , 117 , [ 0 , 1 , 116 ~ 2 , 1 , 116 ] )
, ( 6 , 6 , 116 ~ 6 , 7 , 116 , [ 6 , 7 , 114 ~ 6 , 7 , 115 ] )
, ( 5 , 2 , 117 ~ 5 , 4 , 117 , [ 4 , 4 , 116 ~ 6 , 4 , 116 ] )
, ( 3 , 0 , 118 ~ 3 , 2 , 118 , [ 2 , 1 , 117 ~ 4 , 1 , 117 ] )
, ( 4 , 7 , 117 ~ 4 , 9 , 117 , [ 4 , 5 , 116 ~ 4 , 7 , 116 ] )
, ( 3 , 3 , 116 ~ 3 , 4 , 116 , [ 3 , 3 , 115 ~ 3 , 5 , 115 ] )
, ( 8 , 5 , 113 ~ 9 , 5 , 113 , [ 9 , 2 , 112 ~ 9 , 5 , 112 ] )
, ( 3 , 2 , 119 ~ 3 , 2 , 121 , [ 3 , 0 , 118 ~ 3 , 2 , 118 ] )
, ( 5 , 4 , 118 ~ 7 , 4 , 118 , [ 5 , 2 , 117 ~ 5 , 4 , 117 ] )
, ( 0 , 3 , 118 ~ 0 , 4 , 118 , [ 0 , 0 , 117 ~ 0 , 3 , 117 ] )
, ( 9 , 2 , 113 ~ 9 , 4 , 113 , [ 9 , 2 , 112 ~ 9 , 5 , 112 ] )
, ( 9
  , 5
  , 115 ~ 9
  , 8
  , 115
  , [ 7 , 7 , 114 ~ 9 , 7 , 114 , 9 , 8 , 114 ~ 9 , 9 , 114 ]
  )
, ( 6 , 6 , 117 ~ 6 , 8 , 117 , [ 6 , 6 , 116 ~ 6 , 7 , 116 ] )
, ( 4 , 3 , 118 ~ 5 , 3 , 118 , [ 5 , 2 , 117 ~ 5 , 4 , 117 ] )
, ( 2 , 0 , 119 ~ 3 , 0 , 119 , [ 3 , 0 , 118 ~ 3 , 2 , 118 ] )
, ( 2 , 8 , 118 ~ 5 , 8 , 118 , [ 4 , 7 , 117 ~ 4 , 9 , 117 ] )
, ( 9 , 6 , 116 ~ 9 , 6 , 116 , [ 9 , 5 , 115 ~ 9 , 8 , 115 ] )
, ( 3 , 3 , 117 ~ 3 , 5 , 117 , [ 3 , 3 , 116 ~ 3 , 4 , 116 ] )
, ( 8 , 4 , 114 ~ 8 , 6 , 114 , [ 8 , 5 , 113 ~ 9 , 5 , 113 ] )
, ( 1 , 9 , 118 ~ 4 , 9 , 118 , [ 4 , 7 , 117 ~ 4 , 9 , 117 ] )
, ( 0 , 2 , 122 ~ 4 , 2 , 122 , [ 3 , 2 , 119 ~ 3 , 2 , 121 ] )
, ( 9 , 1 , 114 ~ 9 , 3 , 114 , [ 9 , 2 , 113 ~ 9 , 4 , 113 ] )
, ( 3 , 8 , 119 ~ 5 , 8 , 119 , [ 2 , 8 , 118 ~ 5 , 8 , 118 ] )
, ( 2 , 7 , 119 ~ 2 , 8 , 119 , [ 2 , 8 , 118 ~ 5 , 8 , 118 ] )
, ( 3 , 6 , 118 ~ 6 , 6 , 118 , [ 6 , 6 , 117 ~ 6 , 8 , 117 ] )
, ( 8
  , 4
  , 115 ~ 8
  , 7
  , 115
  , [ 7 , 7 , 114 ~ 9 , 7 , 114 , 8 , 4 , 114 ~ 8 , 6 , 114 ]
  )
, ( 7 , 2 , 115 ~ 9 , 2 , 115 , [ 9 , 1 , 114 ~ 9 , 3 , 114 ] )
, ( 1 , 9 , 119 ~ 1 , 9 , 122 , [ 1 , 9 , 118 ~ 4 , 9 , 118 ] )
, ( 6
  , 4
  , 119 ~ 6
  , 7
  , 119
  , [ 5 , 4 , 118 ~ 7 , 4 , 118 , 3 , 6 , 118 ~ 6 , 6 , 118 ]
  )
, ( 0 , 0 , 123 ~ 0 , 2 , 123 , [ 0 , 2 , 122 ~ 4 , 2 , 122 ] )
, ( 5 , 3 , 119 ~ 7 , 3 , 119 , [ 4 , 3 , 118 ~ 5 , 3 , 118 ] )
, ( 1 , 3 , 118 ~ 3 , 3 , 118 , [ 3 , 3 , 117 ~ 3 , 5 , 117 ] )
, ( 2
  , 8
  , 120 ~ 5
  , 8
  , 120
  , [ 3 , 8 , 119 ~ 5 , 8 , 119 , 2 , 7 , 119 ~ 2 , 8 , 119 ]
  )
, ( 8 , 5 , 116 ~ 8 , 6 , 116 , [ 8 , 4 , 115 ~ 8 , 7 , 115 ] )
, ( 9 , 2 , 116 ~ 9 , 3 , 116 , [ 7 , 2 , 115 ~ 9 , 2 , 115 ] )
, ( 2 , 7 , 120 ~ 3 , 7 , 120 , [ 2 , 7 , 119 ~ 2 , 8 , 119 ] )
, ( 1 , 1 , 123 ~ 1 , 2 , 123 , [ 0 , 2 , 122 ~ 4 , 2 , 122 ] )
, ( 3 , 2 , 123 ~ 6 , 2 , 123 , [ 0 , 2 , 122 ~ 4 , 2 , 122 ] )
, ( 7 , 0 , 116 ~ 7 , 2 , 116 , [ 7 , 2 , 115 ~ 9 , 2 , 115 ] )
, ( 9 , 1 , 117 ~ 9 , 3 , 117 , [ 9 , 2 , 116 ~ 9 , 3 , 116 ] )
, ( 6 , 6 , 120 ~ 8 , 6 , 120 , [ 6 , 4 , 119 ~ 6 , 7 , 119 ] )
, ( 8 , 2 , 116 ~ 8 , 2 , 118 , [ 7 , 2 , 115 ~ 9 , 2 , 115 ] )
, ( 4 , 4 , 119 ~ 4 , 6 , 119 , [ 3 , 6 , 118 ~ 6 , 6 , 118 ] )
, ( 7 , 6 , 121 ~ 7 , 9 , 121 , [ 6 , 6 , 120 ~ 8 , 6 , 120 ] )
, ( 2 , 4 , 120 ~ 4 , 4 , 120 , [ 4 , 4 , 119 ~ 4 , 6 , 119 ] )
, ( 8 , 5 , 121 ~ 8 , 8 , 121 , [ 6 , 6 , 120 ~ 8 , 6 , 120 ] )
, ( 0 , 0 , 124 ~ 3 , 0 , 124 , [ 0 , 0 , 123 ~ 0 , 2 , 123 ] )
, ( 1 , 4 , 121 ~ 3 , 4 , 121 , [ 2 , 4 , 120 ~ 4 , 4 , 120 ] )
, ( 8 , 6 , 122 ~ 8 , 7 , 122 , [ 8 , 5 , 121 ~ 8 , 8 , 121 ] )
, ( 4 , 2 , 124 ~ 4 , 3 , 124 , [ 3 , 2 , 123 ~ 6 , 2 , 123 ] )
, ( 1 , 7 , 121 ~ 3 , 7 , 121 , [ 2 , 7 , 120 ~ 3 , 7 , 120 ] )
, ( 6 , 9 , 122 ~ 7 , 9 , 122 , [ 7 , 6 , 121 ~ 7 , 9 , 121 ] )
, ( 7 , 1 , 118 ~ 9 , 1 , 118 , [ 9 , 1 , 117 ~ 9 , 3 , 117 ] )
, ( 5 , 0 , 124 ~ 5 , 2 , 124 , [ 3 , 2 , 123 ~ 6 , 2 , 123 ] )
, ( 1 , 3 , 119 ~ 3 , 3 , 119 , [ 1 , 3 , 118 ~ 3 , 3 , 118 ] )
, ( 8 , 8 , 122 ~ 8 , 8 , 125 , [ 8 , 5 , 121 ~ 8 , 8 , 121 ] )
, ( 2 , 2 , 124 ~ 3 , 2 , 124 , [ 3 , 2 , 123 ~ 6 , 2 , 123 ] )
, ( 1 , 0 , 125 ~ 1 , 1 , 125 , [ 0 , 0 , 124 ~ 3 , 0 , 124 ] )
, ( 4 , 4 , 121 ~ 5 , 4 , 121 , [ 2 , 4 , 120 ~ 4 , 4 , 120 ] )
, ( 7 , 0 , 117 ~ 7 , 0 , 119 , [ 7 , 0 , 116 ~ 7 , 2 , 116 ] )
, ( 3 , 6 , 122 ~ 3 , 9 , 122 , [ 1 , 7 , 121 ~ 3 , 7 , 121 ] )
, ( 6 , 2 , 124 ~ 6 , 2 , 126 , [ 3 , 2 , 123 ~ 6 , 2 , 123 ] )
, ( 6 , 8 , 123 ~ 6 , 9 , 123 , [ 6 , 9 , 122 ~ 7 , 9 , 122 ] )
, ( 8 , 5 , 123 ~ 8 , 7 , 123 , [ 8 , 6 , 122 ~ 8 , 7 , 122 ] )
, ( 1 , 8 , 123 ~ 4 , 8 , 123 , [ 3 , 6 , 122 ~ 3 , 9 , 122 ] )
, ( 5 , 2 , 125 ~ 5 , 2 , 127 , [ 5 , 0 , 124 ~ 5 , 2 , 124 ] )
, ( 2 , 7 , 124 ~ 2 , 9 , 124 , [ 1 , 8 , 123 ~ 4 , 8 , 123 ] )
, ( 4 , 0 , 125 ~ 4 , 3 , 125 , [ 4 , 2 , 124 ~ 4 , 3 , 124 ] )
, ( 2 , 1 , 125 ~ 2 , 2 , 125 , [ 2 , 2 , 124 ~ 3 , 2 , 124 ] )
, ( 7 , 2 , 119 ~ 9 , 2 , 119 , [ 8 , 2 , 116 ~ 8 , 2 , 118 ] )
, ( 5 , 4 , 122 ~ 5 , 6 , 122 , [ 4 , 4 , 121 ~ 5 , 4 , 121 ] )
, ( 3 , 1 , 125 ~ 3 , 2 , 125 , [ 2 , 2 , 124 ~ 3 , 2 , 124 ] )
, ( 1 , 2 , 126 ~ 2 , 2 , 126 , [ 2 , 1 , 125 ~ 2 , 2 , 125 ] )
, ( 7 , 7 , 124 ~ 9 , 7 , 124 , [ 8 , 5 , 123 ~ 8 , 7 , 123 ] )
, ( 1 , 6 , 123 ~ 3 , 6 , 123 , [ 3 , 6 , 122 ~ 3 , 9 , 122 ] )
, ( 4 , 5 , 123 ~ 5 , 5 , 123 , [ 5 , 4 , 122 ~ 5 , 6 , 122 ] )
, ( 8 , 3 , 124 ~ 8 , 5 , 124 , [ 8 , 5 , 123 ~ 8 , 7 , 123 ] )
, ( 5 , 2 , 128 ~ 5 , 2 , 130 , [ 5 , 2 , 125 ~ 5 , 2 , 127 ] )
, ( 6 , 0 , 127 ~ 6 , 2 , 127 , [ 6 , 2 , 124 ~ 6 , 2 , 126 ] )
, ( 9 , 1 , 120 ~ 9 , 3 , 120 , [ 7 , 2 , 119 ~ 9 , 2 , 119 ] )
, ( 3 , 0 , 126 ~ 3 , 2 , 126 , [ 3 , 1 , 125 ~ 3 , 2 , 125 ] )
, ( 7 , 0 , 120 ~ 7 , 1 , 120 , [ 7 , 0 , 117 ~ 7 , 0 , 119 ] )
, ( 4 , 6 , 123 ~ 6 , 6 , 123 , [ 5 , 4 , 122 ~ 5 , 6 , 122 ] )
, ( 8 , 3 , 125 ~ 8 , 4 , 125 , [ 8 , 3 , 124 ~ 8 , 5 , 124 ] )
, ( 4 , 4 , 123 ~ 7 , 4 , 123 , [ 5 , 4 , 122 ~ 5 , 6 , 122 ] )
, ( 1 , 2 , 127 ~ 1 , 2 , 129 , [ 1 , 2 , 126 ~ 2 , 2 , 126 ] )
, ( 8 , 7 , 126 ~ 8 , 9 , 126 , [ 8 , 8 , 122 ~ 8 , 8 , 125 ] )
, ( 2
  , 2
  , 127 ~ 4
  , 2
  , 127
  , [ 1 , 2 , 126 ~ 2 , 2 , 126 , 3 , 0 , 126 ~ 3 , 2 , 126 ]
  )
, ( 6 , 0 , 128 ~ 6 , 0 , 131 , [ 6 , 0 , 127 ~ 6 , 2 , 127 ] )
, ( 6 , 6 , 124 ~ 6 , 7 , 124 , [ 4 , 6 , 123 ~ 6 , 6 , 123 ] )
, ( 1 , 5 , 124 ~ 1 , 7 , 124 , [ 1 , 6 , 123 ~ 3 , 6 , 123 ] )
, ( 6 , 3 , 124 ~ 6 , 5 , 124 , [ 4 , 4 , 123 ~ 7 , 4 , 123 ] )
, ( 7
  , 1
  , 121 ~ 9
  , 1
  , 121
  , [ 9 , 1 , 120 ~ 9 , 3 , 120 , 7 , 0 , 120 ~ 7 , 1 , 120 ]
  )
, ( 9 , 2 , 121 ~ 9 , 5 , 121 , [ 9 , 1 , 120 ~ 9 , 3 , 120 ] )
, ( 2 , 1 , 127 ~ 5 , 1 , 127 , [ 3 , 0 , 126 ~ 3 , 2 , 126 ] )
, ( 9 , 3 , 122 ~ 9 , 6 , 122 , [ 9 , 2 , 121 ~ 9 , 5 , 121 ] )
, ( 1 , 4 , 125 ~ 1 , 6 , 125 , [ 1 , 5 , 124 ~ 1 , 7 , 124 ] )
, ( 6 , 4 , 125 ~ 6 , 4 , 128 , [ 6 , 3 , 124 ~ 6 , 5 , 124 ] )
, ( 7 , 7 , 127 ~ 8 , 7 , 127 , [ 8 , 7 , 126 ~ 8 , 9 , 126 ] )
, ( 3 , 0 , 127 ~ 5 , 0 , 127 , [ 3 , 0 , 126 ~ 3 , 2 , 126 ] )
, ( 7 , 8 , 127 ~ 9 , 8 , 127 , [ 8 , 7 , 126 ~ 8 , 9 , 126 ] )
, ( 2 , 2 , 128 ~ 3 , 2 , 128 , [ 2 , 2 , 127 ~ 4 , 2 , 127 ] )
, ( 4
  , 0
  , 128 ~ 4
  , 2
  , 128
  , [ 2
    , 2
    , 127 ~ 4
    , 2
    , 127
    , 2
    , 1
    , 127 ~ 5
    , 1
    , 127
    , 3
    , 0
    , 127 ~ 5
    , 0
    , 127
    ]
  )
, ( 7 , 7 , 128 ~ 9 , 7 , 128 , [ 7 , 7 , 127 ~ 8 , 7 , 127 ] )
, ( 5 , 3 , 125 ~ 6 , 3 , 125 , [ 6 , 3 , 124 ~ 6 , 5 , 124 ] )
, ( 5 , 6 , 124 ~ 5 , 9 , 124 , [ 4 , 6 , 123 ~ 6 , 6 , 123 ] )
, ( 6 , 9 , 127 ~ 8 , 9 , 127 , [ 8 , 7 , 126 ~ 8 , 9 , 126 ] )
, ( 3 , 7 , 125 ~ 5 , 7 , 125 , [ 5 , 6 , 124 ~ 5 , 9 , 124 ] )
, ( 4 , 2 , 129 ~ 4 , 2 , 132 , [ 4 , 0 , 128 ~ 4 , 2 , 128 ] )
, ( 5 , 3 , 126 ~ 7 , 3 , 126 , [ 5 , 3 , 125 ~ 6 , 3 , 125 ] )
, ( 2 , 0 , 128 ~ 3 , 0 , 128 , [ 3 , 0 , 127 ~ 5 , 0 , 127 ] )
, ( 6 , 7 , 128 ~ 6 , 9 , 128 , [ 6 , 9 , 127 ~ 8 , 9 , 127 ] )
, ( 9 , 5 , 123 ~ 9 , 6 , 123 , [ 9 , 3 , 122 ~ 9 , 6 , 122 ] )
, ( 1 , 2 , 130 ~ 1 , 2 , 133 , [ 1 , 2 , 127 ~ 1 , 2 , 129 ] )
, ( 9 , 3 , 123 ~ 9 , 3 , 125 , [ 9 , 3 , 122 ~ 9 , 6 , 122 ] )
, ( 3 , 6 , 125 ~ 5 , 6 , 125 , [ 5 , 6 , 124 ~ 5 , 9 , 124 ] )
, ( 6
  , 7
  , 129 ~ 9
  , 7
  , 129
  , [ 7 , 7 , 128 ~ 9 , 7 , 128 , 6 , 7 , 128 ~ 6 , 9 , 128 ]
  )
, ( 1 , 0 , 129 ~ 3 , 0 , 129 , [ 2 , 0 , 128 ~ 3 , 0 , 128 ] )
, ( 5 , 6 , 126 ~ 8 , 6 , 126 , [ 3 , 6 , 125 ~ 5 , 6 , 125 ] )
, ( 5 , 2 , 131 ~ 5 , 5 , 131 , [ 5 , 2 , 128 ~ 5 , 2 , 130 ] )
, ( 3 , 4 , 126 ~ 3 , 6 , 126 , [ 3 , 6 , 125 ~ 5 , 6 , 125 ] )
, ( 5 , 7 , 126 ~ 5 , 7 , 128 , [ 3 , 7 , 125 ~ 5 , 7 , 125 ] )
, ( 3 , 5 , 127 ~ 3 , 6 , 127 , [ 3 , 4 , 126 ~ 3 , 6 , 126 ] )
, ( 3 , 9 , 129 ~ 6 , 9 , 129 , [ 6 , 7 , 128 ~ 6 , 9 , 128 ] )
, ( 4
  , 6
  , 126 ~ 4
  , 8
  , 126
  , [ 3 , 7 , 125 ~ 5 , 7 , 125 , 3 , 6 , 125 ~ 5 , 6 , 125 ]
  )
, ( 6 , 6 , 127 ~ 7 , 6 , 127 , [ 5 , 6 , 126 ~ 8 , 6 , 126 ] )
, ( 4 , 6 , 128 ~ 6 , 6 , 128 , [ 6 , 6 , 127 ~ 7 , 6 , 127 ] )
, ( 0 , 5 , 128 ~ 3 , 5 , 128 , [ 3 , 5 , 127 ~ 3 , 6 , 127 ] )
, ( 5 , 0 , 132 ~ 5 , 3 , 132 , [ 5 , 2 , 131 ~ 5 , 5 , 131 ] )
, ( 2 , 9 , 130 ~ 4 , 9 , 130 , [ 3 , 9 , 129 ~ 6 , 9 , 129 ] )
, ( 8 , 6 , 130 ~ 8 , 8 , 130 , [ 6 , 7 , 129 ~ 9 , 7 , 129 ] )
, ( 1 , 1 , 134 ~ 1 , 3 , 134 , [ 1 , 2 , 130 ~ 1 , 2 , 133 ] )
, ( 2 , 6 , 129 ~ 4 , 6 , 129 , [ 4 , 6 , 128 ~ 6 , 6 , 128 ] )
, ( 1 , 8 , 127 ~ 4 , 8 , 127 , [ 4 , 6 , 126 ~ 4 , 8 , 126 ] )
, ( 1 , 2 , 135 ~ 1 , 5 , 135 , [ 1 , 1 , 134 ~ 1 , 3 , 134 ] )
, ( 8 , 8 , 131 ~ 9 , 8 , 131 , [ 8 , 6 , 130 ~ 8 , 8 , 130 ] )
, ( 2 , 5 , 130 ~ 2 , 6 , 130 , [ 2 , 6 , 129 ~ 4 , 6 , 129 ] )
, ( 0 , 4 , 129 ~ 0 , 6 , 129 , [ 0 , 5 , 128 ~ 3 , 5 , 128 ] )
, ( 1 , 1 , 136 ~ 1 , 4 , 136 , [ 1 , 2 , 135 ~ 1 , 5 , 135 ] )
, ( 1 , 8 , 128 ~ 3 , 8 , 128 , [ 1 , 8 , 127 ~ 4 , 8 , 127 ] )
, ( 2 , 0 , 133 ~ 5 , 0 , 133 , [ 5 , 0 , 132 ~ 5 , 3 , 132 ] )
, ( 4 , 5 , 130 ~ 4 , 7 , 130 , [ 2 , 6 , 129 ~ 4 , 6 , 129 ] )
, ( 1 , 5 , 136 ~ 1 , 7 , 136 , [ 1 , 2 , 135 ~ 1 , 5 , 135 ] )
, ( 5 , 2 , 133 ~ 8 , 2 , 133 , [ 5 , 0 , 132 ~ 5 , 3 , 132 ] )
, ( 8 , 6 , 132 ~ 8 , 9 , 132 , [ 8 , 8 , 131 ~ 9 , 8 , 131 ] )
, ( 1
  , 4
  , 137 ~ 1
  , 8
  , 137
  , [ 1 , 1 , 136 ~ 1 , 4 , 136 , 1 , 5 , 136 ~ 1 , 7 , 136 ]
  )
, ( 2
  , 6
  , 131 ~ 5
  , 6
  , 131
  , [ 2 , 5 , 130 ~ 2 , 6 , 130 , 4 , 5 , 130 ~ 4 , 7 , 130 ]
  )
, ( 4 , 7 , 131 ~ 4 , 7 , 132 , [ 4 , 5 , 130 ~ 4 , 7 , 130 ] )
, ( 0 , 2 , 130 ~ 0 , 4 , 130 , [ 0 , 4 , 129 ~ 0 , 6 , 129 ] )
, ( 7 , 9 , 133 ~ 9 , 9 , 133 , [ 8 , 6 , 132 ~ 8 , 9 , 132 ] )
, ( 2 , 5 , 131 ~ 3 , 5 , 131 , [ 2 , 5 , 130 ~ 2 , 6 , 130 ] )
, ( 1 , 1 , 137 ~ 1 , 3 , 137 , [ 1 , 1 , 136 ~ 1 , 4 , 136 ] )
, ( 8 , 5 , 133 ~ 8 , 6 , 133 , [ 8 , 6 , 132 ~ 8 , 9 , 132 ] )
, ( 8 , 2 , 134 ~ 8 , 4 , 134 , [ 5 , 2 , 133 ~ 8 , 2 , 133 ] )
, ( 1 , 7 , 138 ~ 1 , 9 , 138 , [ 1 , 4 , 137 ~ 1 , 8 , 137 ] )
, ( 6 , 0 , 134 ~ 6 , 3 , 134 , [ 5 , 2 , 133 ~ 8 , 2 , 133 ] )
, ( 2 , 0 , 134 ~ 3 , 0 , 134 , [ 2 , 0 , 133 ~ 5 , 0 , 133 ] )
, ( 2
  , 5
  , 132 ~ 2
  , 7
  , 132
  , [ 2 , 6 , 131 ~ 5 , 6 , 131 , 2 , 5 , 131 ~ 3 , 5 , 131 ]
  )
, ( 4 , 1 , 135 ~ 7 , 1 , 135 , [ 6 , 0 , 134 ~ 6 , 3 , 134 ] )
, ( 0 , 4 , 131 ~ 0 , 7 , 131 , [ 0 , 2 , 130 ~ 0 , 4 , 130 ] )
, ( 9 , 9 , 134 ~ 9 , 9 , 134 , [ 7 , 9 , 133 ~ 9 , 9 , 133 ] )
, ( 5 , 6 , 132 ~ 5 , 8 , 132 , [ 2 , 6 , 131 ~ 5 , 6 , 131 ] )
, ( 1 , 6 , 139 ~ 1 , 8 , 139 , [ 1 , 7 , 138 ~ 1 , 9 , 138 ] )
, ( 1
  , 2
  , 138 ~ 1
  , 4
  , 138
  , [ 1 , 4 , 137 ~ 1 , 8 , 137 , 1 , 1 , 137 ~ 1 , 3 , 137 ]
  )
, ( 2
  , 7
  , 133 ~ 4
  , 7
  , 133
  , [ 4 , 7 , 131 ~ 4 , 7 , 132 , 2 , 5 , 132 ~ 2 , 7 , 132 ]
  )
, ( 0 , 7 , 140 ~ 1 , 7 , 140 , [ 1 , 6 , 139 ~ 1 , 8 , 139 ] )
, ( 8 , 6 , 134 ~ 8 , 6 , 136 , [ 8 , 5 , 133 ~ 8 , 6 , 133 ] )
, ( 6 , 2 , 135 ~ 6 , 2 , 135 , [ 6 , 0 , 134 ~ 6 , 3 , 134 ] )
, ( 4 , 0 , 135 ~ 6 , 0 , 135 , [ 6 , 0 , 134 ~ 6 , 3 , 134 ] )
, ( 8 , 2 , 135 ~ 8 , 4 , 135 , [ 8 , 2 , 134 ~ 8 , 4 , 134 ] )
, ( 1 , 9 , 139 ~ 4 , 9 , 139 , [ 1 , 7 , 138 ~ 1 , 9 , 138 ] )
, ( 3
  , 3
  , 132 ~ 3
  , 6
  , 132
  , [ 2 , 6 , 131 ~ 5 , 6 , 131 , 2 , 5 , 131 ~ 3 , 5 , 131 ]
  )
, ( 8 , 8 , 134 ~ 8 , 9 , 134 , [ 7 , 9 , 133 ~ 9 , 9 , 133 ] )
, ( 0 , 0 , 135 ~ 2 , 0 , 135 , [ 2 , 0 , 134 ~ 3 , 0 , 134 ] )
, ( 2 , 9 , 140 ~ 2 , 9 , 143 , [ 1 , 9 , 139 ~ 4 , 9 , 139 ] )
, ( 7 , 1 , 136 ~ 9 , 1 , 136 , [ 4 , 1 , 135 ~ 7 , 1 , 135 ] )
, ( 5 , 8 , 133 ~ 7 , 8 , 133 , [ 5 , 6 , 132 ~ 5 , 8 , 132 ] )
, ( 0 , 3 , 132 ~ 0 , 5 , 132 , [ 0 , 4 , 131 ~ 0 , 7 , 131 ] )
, ( 2
  , 5
  , 133 ~ 5
  , 5
  , 133
  , [ 2 , 5 , 132 ~ 2 , 7 , 132 , 3 , 3 , 132 ~ 3 , 6 , 132 ]
  )
, ( 7 , 2 , 136 ~ 9 , 2 , 136 , [ 8 , 2 , 135 ~ 8 , 4 , 135 ] )
, ( 4 , 1 , 137 ~ 7 , 1 , 137 , [ 7 , 1 , 136 ~ 9 , 1 , 136 ] )
, ( 8
  , 1
  , 137 ~ 8
  , 2
  , 137
  , [ 7 , 1 , 136 ~ 9 , 1 , 136 , 7 , 2 , 136 ~ 9 , 2 , 136 ]
  )
, ( 3
  , 3
  , 133 ~ 5
  , 3
  , 133
  , [ 5 , 0 , 132 ~ 5 , 3 , 132 , 3 , 3 , 132 ~ 3 , 6 , 132 ]
  )
, ( 4 , 7 , 134 ~ 5 , 7 , 134 , [ 2 , 7 , 133 ~ 4 , 7 , 133 ] )
, ( 6 , 1 , 138 ~ 6 , 2 , 138 , [ 4 , 1 , 137 ~ 7 , 1 , 137 ] )
, ( 4 , 5 , 134 ~ 6 , 5 , 134 , [ 2 , 5 , 133 ~ 5 , 5 , 133 ] )
, ( 7 , 8 , 135 ~ 9 , 8 , 135 , [ 8 , 8 , 134 ~ 8 , 9 , 134 ] )
, ( 0 , 1 , 133 ~ 0 , 4 , 133 , [ 0 , 3 , 132 ~ 0 , 5 , 132 ] )
, ( 5 , 7 , 135 ~ 5 , 8 , 135 , [ 4 , 7 , 134 ~ 5 , 7 , 134 ] )
, ( 0 , 1 , 138 ~ 3 , 1 , 138 , [ 1 , 1 , 137 ~ 1 , 3 , 137 ] )
, ( 7 , 2 , 137 ~ 7 , 5 , 137 , [ 7 , 2 , 136 ~ 9 , 2 , 136 ] )
, ( 1 , 9 , 144 ~ 3 , 9 , 144 , [ 2 , 9 , 140 ~ 2 , 9 , 143 ] )
, ( 9
  , 1
  , 137 ~ 9
  , 3
  , 137
  , [ 7 , 1 , 136 ~ 9 , 1 , 136 , 7 , 2 , 136 ~ 9 , 2 , 136 ]
  )
, ( 0 , 2 , 134 ~ 0 , 4 , 134 , [ 0 , 1 , 133 ~ 0 , 4 , 133 ] )
, ( 2 , 4 , 134 ~ 2 , 6 , 134 , [ 2 , 5 , 133 ~ 5 , 5 , 133 ] )
, ( 7
  , 0
  , 138 ~ 7
  , 2
  , 138
  , [ 4 , 1 , 137 ~ 7 , 1 , 137 , 7 , 2 , 137 ~ 7 , 5 , 137 ]
  )
, ( 4 , 2 , 134 ~ 4 , 4 , 134 , [ 3 , 3 , 133 ~ 5 , 3 , 133 ] )
, ( 2 , 6 , 135 ~ 4 , 6 , 135 , [ 2 , 4 , 134 ~ 2 , 6 , 134 ] )
, ( 3 , 9 , 145 ~ 3 , 9 , 146 , [ 1 , 9 , 144 ~ 3 , 9 , 144 ] )
, ( 4 , 5 , 135 ~ 4 , 5 , 136 , [ 4 , 5 , 134 ~ 6 , 5 , 134 ] )
, ( 5 , 5 , 138 ~ 7 , 5 , 138 , [ 7 , 2 , 137 ~ 7 , 5 , 137 ] )
, ( 0 , 3 , 139 ~ 1 , 3 , 139 , [ 1 , 2 , 138 ~ 1 , 4 , 138 ] )
, ( 1 , 4 , 139 ~ 3 , 4 , 139 , [ 1 , 2 , 138 ~ 1 , 4 , 138 ] )
, ( 0 , 2 , 139 ~ 2 , 2 , 139 , [ 1 , 2 , 138 ~ 1 , 4 , 138 ] )
, ( 4 , 4 , 135 ~ 6 , 4 , 135 , [ 4 , 2 , 134 ~ 4 , 4 , 134 ] )
, ( 6 , 8 , 136 ~ 8 , 8 , 136 , [ 7 , 8 , 135 ~ 9 , 8 , 135 ] )
, ( 4 , 1 , 138 ~ 4 , 2 , 138 , [ 4 , 1 , 137 ~ 7 , 1 , 137 ] )
, ( 1 , 4 , 140 ~ 1 , 4 , 141 , [ 1 , 4 , 139 ~ 3 , 4 , 139 ] )
, ( 3 , 2 , 140 ~ 3 , 4 , 140 , [ 1 , 4 , 139 ~ 3 , 4 , 139 ] )
, ( 6 , 3 , 138 ~ 8 , 3 , 138 , [ 7 , 2 , 137 ~ 7 , 5 , 137 ] )
, ( 3 , 6 , 136 ~ 3 , 8 , 136 , [ 2 , 6 , 135 ~ 4 , 6 , 135 ] )
, ( 4 , 6 , 136 ~ 7 , 6 , 136 , [ 2 , 6 , 135 ~ 4 , 6 , 135 ] )
, ( 3 , 7 , 137 ~ 3 , 7 , 138 , [ 3 , 6 , 136 ~ 3 , 8 , 136 ] )
, ( 5 , 6 , 137 ~ 7 , 6 , 137 , [ 4 , 6 , 136 ~ 7 , 6 , 136 ] )
, ( 1 , 3 , 142 ~ 1 , 5 , 142 , [ 1 , 4 , 140 ~ 1 , 4 , 141 ] )
, ( 2 , 5 , 137 ~ 4 , 5 , 137 , [ 4 , 5 , 135 ~ 4 , 5 , 136 ] )
, ( 6 , 3 , 139 ~ 8 , 3 , 139 , [ 6 , 3 , 138 ~ 8 , 3 , 138 ] )
, ( 0 , 8 , 140 ~ 3 , 8 , 140 , [ 1 , 6 , 139 ~ 1 , 8 , 139 ] )
, ( 0 , 2 , 141 ~ 3 , 2 , 141 , [ 3 , 2 , 140 ~ 3 , 4 , 140 ] )
, ( 8 , 3 , 140 ~ 8 , 4 , 140 , [ 6 , 3 , 139 ~ 8 , 3 , 139 ] )
, ( 0
  , 7
  , 141 ~ 0
  , 9
  , 141
  , [ 0 , 7 , 140 ~ 1 , 7 , 140 , 0 , 8 , 140 ~ 3 , 8 , 140 ]
  )
, ( 0 , 3 , 143 ~ 1 , 3 , 143 , [ 1 , 3 , 142 ~ 1 , 5 , 142 ] )
, ( 0 , 4 , 142 ~ 0 , 7 , 142 , [ 0 , 7 , 141 ~ 0 , 9 , 141 ] )
, ( 0
  , 4
  , 143 ~ 1
  , 4
  , 143
  , [ 1 , 3 , 142 ~ 1 , 5 , 142 , 0 , 4 , 142 ~ 0 , 7 , 142 ]
  )
, ( 2 , 8 , 141 ~ 3 , 8 , 141 , [ 0 , 8 , 140 ~ 3 , 8 , 140 ] )
, ( 7 , 3 , 140 ~ 7 , 5 , 140 , [ 6 , 3 , 139 ~ 8 , 3 , 139 ] )
, ( 0 , 7 , 143 ~ 0 , 9 , 143 , [ 0 , 4 , 142 ~ 0 , 7 , 142 ] )
, ( 1
  , 6
  , 141 ~ 1
  , 8
  , 141
  , [ 0 , 7 , 140 ~ 1 , 7 , 140 , 0 , 8 , 140 ~ 3 , 8 , 140 ]
  )
, ( 0
  , 5
  , 143 ~ 1
  , 5
  , 143
  , [ 1 , 3 , 142 ~ 1 , 5 , 142 , 0 , 4 , 142 ~ 0 , 7 , 142 ]
  )
, ( 0 , 7 , 144 ~ 0 , 9 , 144 , [ 0 , 7 , 143 ~ 0 , 9 , 143 ] )
, ( 0 , 3 , 144 ~ 0 , 3 , 144 , [ 0 , 3 , 143 ~ 1 , 3 , 143 ] )
, ( 7 , 0 , 141 ~ 7 , 3 , 141 , [ 7 , 3 , 140 ~ 7 , 5 , 140 ] )
, ( 4 , 0 , 142 ~ 7 , 0 , 142 , [ 7 , 0 , 141 ~ 7 , 3 , 141 ] )
, ( 0 , 6 , 143 ~ 2 , 6 , 143 , [ 0 , 4 , 142 ~ 0 , 7 , 142 ] )
, ( 7 , 5 , 141 ~ 7 , 7 , 141 , [ 7 , 3 , 140 ~ 7 , 5 , 140 ] )
, ( 7 , 2 , 142 ~ 7 , 3 , 142 , [ 7 , 0 , 141 ~ 7 , 3 , 141 ] )
, ( 7 , 1 , 143 ~ 7 , 2 , 143 , [ 7 , 2 , 142 ~ 7 , 3 , 142 ] )
, ( 4 , 0 , 143 ~ 6 , 0 , 143 , [ 4 , 0 , 142 ~ 7 , 0 , 142 ] )
, ( 7 , 0 , 143 ~ 8 , 0 , 143 , [ 4 , 0 , 142 ~ 7 , 0 , 142 ] )
, ( 2 , 3 , 144 ~ 2 , 6 , 144 , [ 0 , 6 , 143 ~ 2 , 6 , 143 ] )
, ( 5 , 7 , 142 ~ 7 , 7 , 142 , [ 7 , 5 , 141 ~ 7 , 7 , 141 ] )
, ( 5 , 0 , 144 ~ 5 , 0 , 146 , [ 4 , 0 , 143 ~ 6 , 0 , 143 ] )
, ( 7 , 6 , 143 ~ 7 , 7 , 143 , [ 5 , 7 , 142 ~ 7 , 7 , 142 ] )
, ( 5 , 1 , 144 ~ 7 , 1 , 144 , [ 7 , 1 , 143 ~ 7 , 2 , 143 ] )
, ( 5 , 4 , 143 ~ 5 , 7 , 143 , [ 5 , 7 , 142 ~ 7 , 7 , 142 ] )
, ( 4 , 0 , 144 ~ 4 , 3 , 144 , [ 4 , 0 , 143 ~ 6 , 0 , 143 ] )
, ( 1 , 6 , 145 ~ 2 , 6 , 145 , [ 2 , 3 , 144 ~ 2 , 6 , 144 ] )
, ( 2 , 3 , 145 ~ 2 , 5 , 145 , [ 2 , 3 , 144 ~ 2 , 6 , 144 ] )
, ( 5 , 5 , 144 ~ 5 , 7 , 144 , [ 5 , 4 , 143 ~ 5 , 7 , 143 ] )
, ( 6 , 7 , 144 ~ 7 , 7 , 144 , [ 7 , 6 , 143 ~ 7 , 7 , 143 ] )
, ( 7 , 4 , 144 ~ 7 , 6 , 144 , [ 7 , 6 , 143 ~ 7 , 7 , 143 ] )
, ( 4 , 1 , 145 ~ 4 , 3 , 145 , [ 4 , 0 , 144 ~ 4 , 3 , 144 ] )
, ( 6 , 4 , 145 ~ 9 , 4 , 145 , [ 7 , 4 , 144 ~ 7 , 6 , 144 ] )
, ( 6 , 4 , 146 ~ 6 , 7 , 146 , [ 6 , 4 , 145 ~ 9 , 4 , 145 ] )
, ( 7 , 7 , 145 ~ 9 , 7 , 145 , [ 6 , 7 , 144 ~ 7 , 7 , 144 ] )
, ( 7 , 4 , 146 ~ 7 , 4 , 148 , [ 6 , 4 , 145 ~ 9 , 4 , 145 ] )
, ( 9 , 4 , 146 ~ 9 , 6 , 146 , [ 6 , 4 , 145 ~ 9 , 4 , 145 ] )
, ( 6 , 4 , 147 ~ 6 , 6 , 147 , [ 6 , 4 , 146 ~ 6 , 7 , 146 ] )
, ( 8 , 1 , 146 ~ 8 , 4 , 146 , [ 6 , 4 , 145 ~ 9 , 4 , 145 ] )
, ( 3 , 5 , 148 ~ 6 , 5 , 148 , [ 6 , 4 , 147 ~ 6 , 6 , 147 ] )
, ( 7 , 7 , 146 ~ 9 , 7 , 146 , [ 7 , 7 , 145 ~ 9 , 7 , 145 ] )
, ( 5 , 4 , 148 ~ 6 , 4 , 148 , [ 6 , 4 , 147 ~ 6 , 6 , 147 ] )
, ( 4 , 6 , 148 ~ 7 , 6 , 148 , [ 6 , 4 , 147 ~ 6 , 6 , 147 ] )
, ( 6 , 7 , 147 ~ 6 , 8 , 147 , [ 6 , 4 , 146 ~ 6 , 7 , 146 ] )
, ( 9 , 7 , 147 ~ 9 , 8 , 147 , [ 7 , 7 , 146 ~ 9 , 7 , 146 ] )
, ( 3 , 6 , 149 ~ 5 , 6 , 149 , [ 4 , 6 , 148 ~ 7 , 6 , 148 ] )
, ( 6 , 6 , 149 ~ 6 , 6 , 151 , [ 4 , 6 , 148 ~ 7 , 6 , 148 ] )
, ( 6 , 3 , 147 ~ 8 , 3 , 147 , [ 8 , 1 , 146 ~ 8 , 4 , 146 ] )
, ( 4 , 8 , 148 ~ 6 , 8 , 148 , [ 6 , 7 , 147 ~ 6 , 8 , 147 ] )
, ( 6 , 5 , 149 ~ 6 , 5 , 150 , [ 3 , 5 , 148 ~ 6 , 5 , 148 ] )
, ( 7 , 5 , 149 ~ 7 , 6 , 149 , [ 4 , 6 , 148 ~ 7 , 6 , 148 ] )
, ( 8 , 3 , 148 ~ 8 , 4 , 148 , [ 6 , 3 , 147 ~ 8 , 3 , 147 ] )
, ( 6 , 8 , 149 ~ 6 , 8 , 150 , [ 4 , 8 , 148 ~ 6 , 8 , 148 ] )
, ( 6
  , 4
  , 149 ~ 9
  , 4
  , 149
  , [ 7
    , 4
    , 146 ~ 7
    , 4
    , 148
    , 5
    , 4
    , 148 ~ 6
    , 4
    , 148
    , 8
    , 3
    , 148 ~ 8
    , 4
    , 148
    ]
  )
, ( 5 , 3 , 148 ~ 6 , 3 , 148 , [ 6 , 3 , 147 ~ 8 , 3 , 147 ] )
, ( 3 , 6 , 152 ~ 6 , 6 , 152 , [ 6 , 6 , 149 ~ 6 , 6 , 151 ] )
, ( 8 , 4 , 150 ~ 8 , 7 , 150 , [ 6 , 4 , 149 ~ 9 , 4 , 149 ] )
, ( 3 , 5 , 153 ~ 3 , 8 , 153 , [ 3 , 6 , 152 ~ 6 , 6 , 152 ] )
, ( 5 , 0 , 149 ~ 5 , 3 , 149 , [ 5 , 3 , 148 ~ 6 , 3 , 148 ] )
, ( 6 , 4 , 153 ~ 6 , 6 , 153 , [ 3 , 6 , 152 ~ 6 , 6 , 152 ] )
, ( 6 , 4 , 154 ~ 6 , 7 , 154 , [ 6 , 4 , 153 ~ 6 , 6 , 153 ] )
, ( 1 , 7 , 154 ~ 4 , 7 , 154 , [ 3 , 5 , 153 ~ 3 , 8 , 153 ] )
, ( 8 , 2 , 151 ~ 8 , 4 , 151 , [ 8 , 4 , 150 ~ 8 , 7 , 150 ] )
, ( 3 , 5 , 154 ~ 5 , 5 , 154 , [ 3 , 5 , 153 ~ 3 , 8 , 153 ] )
, ( 4 , 2 , 150 ~ 6 , 2 , 150 , [ 5 , 0 , 149 ~ 5 , 3 , 149 ] )
, ( 5 , 5 , 155 ~ 5 , 8 , 155 , [ 3 , 5 , 154 ~ 5 , 5 , 154 ] )
, ( 2 , 5 , 155 ~ 3 , 5 , 155 , [ 3 , 5 , 154 ~ 5 , 5 , 154 ] )
, ( 2 , 6 , 155 ~ 2 , 7 , 155 , [ 1 , 7 , 154 ~ 4 , 7 , 154 ] )
, ( 4 , 3 , 155 ~ 4 , 6 , 155 , [ 3 , 5 , 154 ~ 5 , 5 , 154 ] )
, ( 3 , 6 , 155 ~ 3 , 8 , 155 , [ 1 , 7 , 154 ~ 4 , 7 , 154 ] )
, ( 0 , 5 , 156 ~ 3 , 5 , 156 , [ 2 , 5 , 155 ~ 3 , 5 , 155 ] )
, ( 6 , 3 , 152 ~ 9 , 3 , 152 , [ 8 , 2 , 151 ~ 8 , 4 , 151 ] )
, ( 4 , 8 , 156 ~ 6 , 8 , 156 , [ 5 , 5 , 155 ~ 5 , 8 , 155 ] )
, ( 5 , 2 , 151 ~ 7 , 2 , 151 , [ 4 , 2 , 150 ~ 6 , 2 , 150 ] )
, ( 2 , 5 , 157 ~ 2 , 7 , 157 , [ 0 , 5 , 156 ~ 3 , 5 , 156 ] )
, ( 1 , 8 , 156 ~ 3 , 8 , 156 , [ 3 , 6 , 155 ~ 3 , 8 , 155 ] )
, ( 3 , 2 , 152 ~ 5 , 2 , 152 , [ 5 , 2 , 151 ~ 7 , 2 , 151 ] )
, ( 1 , 7 , 157 ~ 1 , 9 , 157 , [ 1 , 8 , 156 ~ 3 , 8 , 156 ] )
]