[ []
, []
, []
, []
, []
, []
, []
, []
, []
, []
, []
, []
, []
, [ 2 , 7 , 1 ~ 2 , 7 , 1 ]
, []
, []
, []
, []
, []
, []
, []
, []
, [ 3 , 1 , 1 ~ 5 , 1 , 1 ]
, [ 0 , 2 , 1 ~ 1 , 2 , 1 ]
, [ 7 , 3 , 1 ~ 7 , 5 , 1 ]
, []
, [ 9 , 6 , 1 ~ 9 , 8 , 1 ]
, [ 1 , 0 , 1 ~ 1 , 1 , 1 ]
, []
, []
, [ 7 , 3 , 2 ~ 7 , 5 , 2 ]
, [ 1 , 8 , 1 ~ 2 , 8 , 1 ]
, [ 0 , 2 , 1 ~ 1 , 2 , 1 ]
, [ 2 , 0 , 1 ~ 2 , 2 , 1 ]
, [ 5 , 4 , 1 ~ 5 , 6 , 1 ]
, [ 0 , 4 , 1 ~ 0 , 4 , 1 , 1 , 4 , 1 ~ 3 , 4 , 1 ]
, [ 4 , 0 , 1 ~ 6 , 0 , 1 ]
, [ 6 , 7 , 1 ~ 8 , 7 , 1 ]
, [ 7 , 3 , 3 ~ 7 , 5 , 3 ]
, [ 0 , 8 , 2 ~ 3 , 8 , 2 ]
, [ 6 , 1 , 1 ~ 6 , 3 , 1 ]
, [ 4 , 0 , 1 ~ 6 , 0 , 1 ]
, [ 1 , 2 , 2 ~ 1 , 3 , 2 ]
, [ 7 , 3 , 3 ~ 7 , 5 , 3 ]
, [ 0 , 4 , 2 ~ 3 , 4 , 2 ]
, [ 6 , 1 , 2 ~ 8 , 1 , 2 ]
, [ 5 , 4 , 1 ~ 5 , 6 , 1 ]
, [ 1 , 1 , 3 ~ 1 , 3 , 3 ]
, [ 3 , 1 , 2 ~ 5 , 1 , 2 ]
, [ 3 , 1 , 2 ~ 5 , 1 , 2 ]
, [ 6 , 4 , 4 ~ 8 , 4 , 4 ]
, [ 0 , 0 , 2 ~ 0 , 2 , 2 , 0 , 4 , 2 ~ 3 , 4 , 2 ]
, [ 0 , 8 , 2 ~ 3 , 8 , 2 ]
, [ 6 , 4 , 4 ~ 8 , 4 , 4 , 6 , 5 , 4 ~ 8 , 5 , 4 ]
, [ 4 , 1 , 3 ~ 4 , 4 , 3 ]
, [ 2 , 2 , 2 ~ 2 , 2 , 4 ]
, [ 8 , 0 , 1 ~ 8 , 0 , 4 ]
, [ 5 , 0 , 3 ~ 5 , 1 , 3 ]
, [ 2 , 0 , 5 ~ 2 , 2 , 5 ]
, [ 5 , 6 , 2 ~ 5 , 9 , 2 ]
, [ 4 , 1 , 3 ~ 4 , 4 , 3 ]
, [ 8 , 4 , 5 ~ 8 , 6 , 5 ]
, [ 0 , 6 , 3 ~ 0 , 9 , 3 ]
, [ 6 , 1 , 3 ~ 6 , 1 , 5 ]
, [ 2 , 1 , 6 ~ 2 , 4 , 6 ]
, [ 7 , 4 , 5 ~ 7 , 4 , 7 ]
, [ 2 , 3 , 7 ~ 4 , 3 , 7 ]
, [ 2 , 0 , 5 ~ 2 , 2 , 5 ]
, [ 5 , 0 , 4 ~ 6 , 0 , 4 ]
, [ 7 , 3 , 8 ~ 7 , 5 , 8 ]
, [ 3 , 7 , 3 ~ 6 , 7 , 3 ]
, [ 3 , 5 , 4 ~ 3 , 8 , 4 ]
, [ 4 , 1 , 4 ~ 4 , 3 , 4 ]
, [ 1 , 0 , 6 ~ 4 , 0 , 6 ]
, [ 3 , 5 , 4 ~ 3 , 8 , 4 ]
, [ 3 , 1 , 8 ~ 3 , 3 , 8 ]
, [ 1 , 0 , 6 ~ 4 , 0 , 6 ]
, [ 0 , 5 , 4 ~ 0 , 8 , 4 ]
, [ 3 , 5 , 4 ~ 3 , 8 , 4 ]
, [ 1 , 0 , 6 ~ 4 , 0 , 6 ]
, [ 3 , 7 , 5 ~ 4 , 7 , 5 ]
, [ 4 , 2 , 5 ~ 6 , 2 , 5 ]
, [ 4 , 2 , 5 ~ 6 , 2 , 5 ]
, [ 3 , 6 , 5 ~ 4 , 6 , 5 ]
, [ 2 , 7 , 6 ~ 3 , 7 , 6 ]
, [ 2 , 8 , 5 ~ 4 , 8 , 5 ]
, [ 1 , 0 , 7 ~ 1 , 3 , 7 ]
, [ 5 , 2 , 6 ~ 5 , 4 , 6 ]
, [ 5 , 2 , 6 ~ 5 , 4 , 6 ]
, [ 6 , 2 , 6 ~ 6 , 2 , 7 ]
, [ 2 , 7 , 7 ~ 2 , 9 , 7 ]
, [ 3 , 7 , 5 ~ 4 , 7 , 5 ]
, [ 1 , 0 , 8 ~ 1 , 4 , 8 ]
, [ 0 , 6 , 6 ~ 4 , 6 , 6 ]
, [ 5 , 4 , 7 ~ 5 , 4 , 8 ]
, [ 2 , 3 , 7 ~ 4 , 3 , 7 , 4 , 0 , 7 ~ 4 , 1 , 7 ]
, [ 1 , 0 , 8 ~ 1 , 4 , 8 ]
, [ 0 , 6 , 6 ~ 4 , 6 , 6 ]
, [ 4 , 7 , 6 ~ 7 , 7 , 6 ]
, [ 4 , 8 , 6 ~ 6 , 8 , 6 , 4 , 7 , 6 ~ 7 , 7 , 6 ]
, [ 1 , 4 , 9 ~ 1 , 6 , 9 ]
, [ 0 , 9 , 8 ~ 2 , 9 , 8 ]
, [ 4 , 7 , 6 ~ 7 , 7 , 6 ]
, [ 5 , 2 , 8 ~ 7 , 2 , 8 ]
, [ 1 , 0 , 9 ~ 1 , 2 , 9 ]
, [ 0 , 9 , 8 ~ 2 , 9 , 8 ]
, [ 1 , 6 , 10 ~ 1 , 7 , 10 ]
, [ 6 , 1 , 9 ~ 6 , 3 , 9 ]
, [ 1 , 4 , 11 ~ 1 , 7 , 11 ]
, [ 2 , 7 , 9 ~ 2 , 9 , 9 ]
, [ 6 , 7 , 7 ~ 6 , 9 , 7 ]
, [ 7 , 6 , 7 ~ 7 , 8 , 7 , 6 , 7 , 7 ~ 6 , 9 , 7 ]
, [ 7 , 6 , 7 ~ 7 , 8 , 7 ]
, [ 5 , 9 , 8 ~ 7 , 9 , 8 ]
, [ 4 , 3 , 10 ~ 6 , 3 , 10 ]
, [ 1 , 2 , 10 ~ 1 , 3 , 10 ]
, [ 1 , 2 , 10 ~ 1 , 3 , 10 ]
, [ 6 , 1 , 9 ~ 6 , 3 , 9 ]
, [ 4 , 1 , 11 ~ 4 , 3 , 11 ]
, [ 7 , 5 , 9 ~ 7 , 5 , 12 ]
, [ 7 , 6 , 8 ~ 9 , 6 , 8 ]
, [ 6 , 7 , 8 ~ 8 , 7 , 8 , 7 , 6 , 8 ~ 9 , 6 , 8 ]
, [ 0 , 4 , 12 ~ 2 , 4 , 12 ]
, [ 7 , 4 , 13 ~ 7 , 6 , 13 ]
, [ 2 , 2 , 12 ~ 4 , 2 , 12 ]
, [ 7 , 9 , 9 ~ 8 , 9 , 9 ]
, [ 9 , 4 , 9 ~ 9 , 7 , 9 ]
, [ 1 , 9 , 10 ~ 4 , 9 , 10 ]
, [ 8 , 6 , 9 ~ 8 , 8 , 9 ]
, [ 1 , 4 , 13 ~ 1 , 5 , 13 ]
, [ 6 , 7 , 8 ~ 8 , 7 , 8 ]
, [ 4 , 2 , 13 ~ 5 , 2 , 13 ]
, [ 7 , 3 , 14 ~ 7 , 5 , 14 ]
, [ 0 , 2 , 11 ~ 1 , 2 , 11 ]
, [ 9 , 4 , 9 ~ 9 , 7 , 9 ]
, [ 1 , 4 , 13 ~ 1 , 5 , 13 ]
, [ 7 , 4 , 13 ~ 7 , 6 , 13 ]
, [ 9 , 4 , 9 ~ 9 , 7 , 9 ]
, [ 2 , 2 , 12 ~ 4 , 2 , 12 ]
, [ 1 , 4 , 14 ~ 3 , 4 , 14 ]
, [ 0 , 0 , 12 ~ 0 , 2 , 12 ]
, [ 6 , 4 , 15 ~ 7 , 4 , 15 ]
, [ 7 , 3 , 14 ~ 7 , 5 , 14 ]
, [ 9 , 1 , 10 ~ 9 , 4 , 10 ]
, [ 2 , 0 , 13 ~ 2 , 3 , 13 ]
, [ 8 , 9 , 10 ~ 8 , 9 , 12 ]
, [ 1 , 4 , 14 ~ 3 , 4 , 14 ]
, [ 1 , 5 , 14 ~ 1 , 8 , 14 , 4 , 6 , 14 ~ 7 , 6 , 14 ]
, [ 9 , 1 , 11 ~ 9 , 4 , 11 ]
, [ 3 , 9 , 11 ~ 3 , 9 , 12 ]
, [ 0 , 4 , 15 ~ 2 , 4 , 15 ]
, [ 9 , 0 , 12 ~ 9 , 2 , 12 ]
, [ 6 , 1 , 16 ~ 6 , 4 , 16 ]
, [ 1 , 0 , 14 ~ 4 , 0 , 14 ]
, [ 0 , 0 , 13 ~ 0 , 3 , 13 ]
, [ 6 , 4 , 15 ~ 7 , 4 , 15 , 6 , 5 , 15 ~ 8 , 5 , 15 ]
, [ 8 , 9 , 13 ~ 9 , 9 , 13 ]
, [ 0 , 3 , 14 ~ 1 , 3 , 14 ]
, [ 1 , 6 , 15 ~ 4 , 6 , 15 ]
, [ 9 , 0 , 12 ~ 9 , 2 , 12 ]
, [ 1 , 0 , 14 ~ 4 , 0 , 14 ]
, [ 2 , 0 , 15 ~ 3 , 0 , 15 ]
, [ 6 , 5 , 15 ~ 8 , 5 , 15 ]
, [ 9 , 0 , 12 ~ 9 , 2 , 12 ]
, [ 0 , 3 , 14 ~ 1 , 3 , 14 ]
, [ 1 , 6 , 15 ~ 4 , 6 , 15 ]
, [ 7 , 3 , 16 ~ 7 , 6 , 16 ]
, [ 9 , 7 , 14 ~ 9 , 9 , 14 ]
, [ 2 , 9 , 13 ~ 5 , 9 , 13 ]
, [ 9 , 6 , 15 ~ 9 , 9 , 15 ]
, [ 7 , 3 , 17 ~ 7 , 5 , 17 ]
, [ 2 , 6 , 16 ~ 4 , 6 , 16 ]
, [ 8 , 9 , 13 ~ 9 , 9 , 13 ]
, [ 0 , 0 , 15 ~ 0 , 3 , 15 ]
, [ 2 , 0 , 15 ~ 3 , 0 , 15 , 4 , 0 , 15 ~ 7 , 0 , 15 ]
, [ 9 , 6 , 16 ~ 9 , 9 , 16 ]
, [ 8 , 7 , 14 ~ 8 , 9 , 14 ]
, [ 4 , 5 , 17 ~ 4 , 7 , 17 ]
, [ 3 , 0 , 16 ~ 5 , 0 , 16 ]
, [ 4 , 5 , 17 ~ 4 , 7 , 17 ]
, [ 6 , 3 , 18 ~ 8 , 3 , 18 ]
, [ 2 , 6 , 18 ~ 4 , 6 , 18 ]
, [ 2 , 7 , 18 ~ 5 , 7 , 18 ]
, [ 0 , 4 , 16 ~ 2 , 4 , 16 , 0 , 2 , 16 ~ 1 , 2 , 16 ]
, [ 6 , 3 , 18 ~ 8 , 3 , 18 ]
, [ 6 , 3 , 18 ~ 8 , 3 , 18 ]
, [ 5 , 9 , 14 ~ 6 , 9 , 14 ]
, [ 6 , 1 , 19 ~ 6 , 3 , 19 ]
, [ 6 , 1 , 19 ~ 6 , 3 , 19 ]
, [ 8 , 2 , 19 ~ 8 , 4 , 19 ]
, [ 9 , 6 , 17 ~ 9 , 9 , 17 ]
, [ 2 , 6 , 18 ~ 4 , 6 , 18 , 2 , 7 , 18 ~ 5 , 7 , 18 ]
, [ 6 , 1 , 20 ~ 8 , 1 , 20 ]
, [ 1 , 3 , 15 ~ 1 , 3 , 17 , 0 , 2 , 17 ~ 0 , 5 , 17 ]
, [ 3 , 4 , 19 ~ 3 , 7 , 19 ]
, [ 4 , 9 , 15 ~ 7 , 9 , 15 ]
, [ 4 , 9 , 16 ~ 6 , 9 , 16 ]
, [ 1 , 5 , 20 ~ 3 , 5 , 20 ]
, [ 6 , 3 , 20 ~ 6 , 3 , 22 ]
, [ 9 , 7 , 18 ~ 9 , 8 , 18 ]
, [ 6 , 7 , 17 ~ 6 , 9 , 17 ]
, [ 3 , 5 , 21 ~ 4 , 5 , 21 ]
, [ 6 , 7 , 17 ~ 6 , 9 , 17 ]
, [ 6 , 7 , 17 ~ 6 , 9 , 17 ]
, [ 3 , 8 , 18 ~ 6 , 8 , 18 ]
, [ 1 , 5 , 22 ~ 3 , 5 , 22 ]
, [ 5 , 7 , 19 ~ 5 , 7 , 22 ]
, [ 3 , 5 , 23 ~ 3 , 7 , 23 ]
, [ 6 , 6 , 18 ~ 6 , 7 , 18 ]
, [ 0 , 8 , 19 ~ 3 , 8 , 19 ]
, [ 0 , 8 , 19 ~ 3 , 8 , 19 ]
, [ 4 , 9 , 18 ~ 7 , 9 , 18 ]
, [ 0 , 8 , 19 ~ 3 , 8 , 19 ]
, [ 0 , 7 , 20 ~ 0 , 9 , 20 ]
, [ 5 , 6 , 19 ~ 8 , 6 , 19 ]
, [ 5 , 6 , 19 ~ 8 , 6 , 19 , 6 , 9 , 19 ~ 7 , 9 , 19 ]
, [ 0 , 6 , 21 ~ 0 , 9 , 21 ]
, [ 5 , 6 , 19 ~ 8 , 6 , 19 ]
, [ 1 , 6 , 20 ~ 1 , 9 , 20 ]
, [ 5 , 7 , 23 ~ 5 , 9 , 23 ]
, [ 2 , 8 , 20 ~ 2 , 8 , 22 ]
, [ 1 , 6 , 20 ~ 1 , 9 , 20 ]
, [ 5 , 4 , 20 ~ 5 , 6 , 20 ]
, [ 2 , 6 , 23 ~ 2 , 9 , 23 ]
, [ 2 , 6 , 23 ~ 2 , 9 , 23 ]
, [ 5 , 4 , 21 ~ 8 , 4 , 21 ]
, [ 2 , 8 , 24 ~ 2 , 9 , 24 ]
, [ 3 , 4 , 22 ~ 6 , 4 , 22 ]
, [ 3 , 4 , 22 ~ 6 , 4 , 22 ]
, [ 3 , 4 , 22 ~ 6 , 4 , 22 ]
, [ 3 , 4 , 22 ~ 6 , 4 , 22 ]
, [ 2 , 6 , 24 ~ 2 , 6 , 27 ]
, [ 3 , 1 , 23 ~ 3 , 4 , 23 ]
, [ 0 , 6 , 28 ~ 2 , 6 , 28 ]
, [ 5 , 3 , 23 ~ 5 , 5 , 23 ]
, [ 6 , 4 , 23 ~ 6 , 6 , 23 ]
, [ 0 , 4 , 29 ~ 0 , 7 , 29 ]
, [ 2 , 1 , 24 ~ 4 , 1 , 24 ]
, [ 6 , 4 , 24 ~ 9 , 4 , 24 ]
, [ 4 , 4 , 23 ~ 4 , 4 , 25 ]
, [ 0 , 4 , 29 ~ 0 , 7 , 29 ]
, [ 0 , 4 , 30 ~ 0 , 5 , 30 ]
, [ 9 , 4 , 25 ~ 9 , 5 , 25 ]
, [ 0 , 7 , 30 ~ 2 , 7 , 30 ]
, [ 1 , 4 , 26 ~ 4 , 4 , 26 ]
, [ 1 , 2 , 27 ~ 1 , 4 , 27 ]
, [ 6 , 4 , 24 ~ 9 , 4 , 24 ]
, [ 1 , 4 , 26 ~ 4 , 4 , 26 ]
, [ 6 , 4 , 24 ~ 9 , 4 , 24 ]
, [ 0 , 7 , 30 ~ 2 , 7 , 30 ]
, [ 6 , 4 , 24 ~ 9 , 4 , 24 ]
, [ 1 , 4 , 26 ~ 4 , 4 , 26 ]
, [ 4 , 3 , 27 ~ 4 , 5 , 27 ]
, [ 8 , 3 , 25 ~ 8 , 5 , 25 ]
, [ 0 , 2 , 28 ~ 3 , 2 , 28 ]
, [ 0 , 3 , 31 ~ 0 , 5 , 31 ]
, [ 2 , 7 , 31 ~ 5 , 7 , 31 ]
, [ 2 , 7 , 31 ~ 5 , 7 , 31 ]
, [ 7 , 3 , 25 ~ 7 , 5 , 25 ]
, [ 4 , 3 , 27 ~ 4 , 5 , 27 ]
, [ 0 , 7 , 31 ~ 1 , 7 , 31 ]
, [ 6 , 4 , 25 ~ 6 , 7 , 25 ]
, [ 7 , 2 , 26 ~ 7 , 4 , 26 ]
, [ 2 , 4 , 27 ~ 2 , 4 , 27 ]
, [ 0 , 2 , 28 ~ 3 , 2 , 28 ]
, [ 8 , 3 , 25 ~ 8 , 5 , 25 ]
, [ 0 , 2 , 28 ~ 3 , 2 , 28 ]
, [ 3 , 2 , 29 ~ 3 , 3 , 29 ]
, [ 4 , 3 , 28 ~ 6 , 3 , 28 ]
, [ 3 , 2 , 30 ~ 6 , 2 , 30 ]
, [ 7 , 2 , 26 ~ 7 , 4 , 26 ]
, [ 5 , 4 , 27 ~ 7 , 4 , 27 ]
, [ 0 , 0 , 29 ~ 0 , 2 , 29 ]
, [ 0 , 6 , 28 ~ 2 , 6 , 28 , 2 , 3 , 28 ~ 2 , 5 , 28 ]
, [ 6 , 1 , 31 ~ 6 , 3 , 31 ]
, [ 0 , 0 , 30 ~ 0 , 2 , 30 ]
, [ 3 , 2 , 29 ~ 3 , 3 , 29 , 2 , 3 , 29 ~ 2 , 6 , 29 ]
, [ 7 , 4 , 28 ~ 7 , 6 , 28 ]
, [ 3 , 2 , 30 ~ 6 , 2 , 30 ]
, [ 7 , 4 , 28 ~ 7 , 6 , 28 ]
, [ 1 , 3 , 30 ~ 3 , 3 , 30 ]
, [ 6 , 1 , 31 ~ 6 , 3 , 31 ]
, [ 1 , 3 , 30 ~ 3 , 3 , 30 ]
, [ 6 , 5 , 29 ~ 9 , 5 , 29 ]
, [ 3 , 2 , 31 ~ 5 , 2 , 31 ]
, [ 2 , 7 , 31 ~ 5 , 7 , 31 ]
, [ 7 , 6 , 29 ~ 8 , 6 , 29 ]
, [ 2 , 3 , 29 ~ 2 , 6 , 29 ]
, [ 0 , 2 , 31 ~ 1 , 2 , 31 ]
, [ 7 , 6 , 30 ~ 7 , 9 , 30 ]
, [ 6 , 0 , 32 ~ 6 , 2 , 32 ]
, [ 4 , 6 , 32 ~ 4 , 8 , 32 ]
, [ 7 , 6 , 30 ~ 7 , 9 , 30 ]
, [ 2 , 5 , 32 ~ 2 , 7 , 32 ]
, [ 5 , 8 , 31 ~ 7 , 8 , 31 ]
, [ 0
  , 3
  , 31 ~ 0
  , 5
  , 31
  , 1
  , 3
  , 31 ~ 2
  , 3
  , 31
  , 3
  , 3
  , 31 ~ 4
  , 3
  , 31
  ]
, [ 4 , 7 , 33 ~ 7 , 7 , 33 ]
, [ 0 , 4 , 32 ~ 0 , 6 , 32 , 2 , 5 , 32 ~ 2 , 7 , 32 ]
, [ 7 , 8 , 32 ~ 8 , 8 , 32 ]
, [ 1 , 0 , 32 ~ 1 , 2 , 32 ]
, [ 6 , 0 , 33 ~ 6 , 1 , 33 ]
, [ 0 , 3 , 32 ~ 3 , 3 , 32 ]
, [ 4 , 5 , 30 ~ 7 , 5 , 30 ]
, [ 2 , 5 , 32 ~ 2 , 7 , 32 ]
, [ 6 , 0 , 33 ~ 6 , 1 , 33 ]
, [ 4 , 7 , 33 ~ 7 , 7 , 33 ]
, [ 4 , 0 , 34 ~ 6 , 0 , 34 ]
, [ 0 , 6 , 33 ~ 2 , 6 , 33 ]
, [ 7 , 5 , 31 ~ 9 , 5 , 31 ]
, [ 0 , 7 , 32 ~ 0 , 7 , 34 ]
, [ 2 , 3 , 33 ~ 4 , 3 , 33 ]
, [ 3 , 7 , 34 ~ 5 , 7 , 34 ]
, [ 2 , 3 , 33 ~ 4 , 3 , 33 ]
, [ 6 , 3 , 32 ~ 6 , 3 , 34 , 6 , 1 , 34 ~ 6 , 2 , 34 ]
, [ 4 , 0 , 34 ~ 6 , 0 , 34 ]
, [ 0 , 6 , 35 ~ 0 , 7 , 35 ]
, [ 6 , 7 , 34 ~ 8 , 7 , 34 ]
, [ 2 , 6 , 34 ~ 4 , 6 , 34 ]
, [ 5 , 7 , 35 ~ 5 , 8 , 35 ]
, [ 0 , 5 , 36 ~ 0 , 7 , 36 ]
, [ 5 , 7 , 36 ~ 5 , 9 , 36 ]
, [ 6 , 7 , 35 ~ 8 , 7 , 35 ]
, [ 6 , 1 , 35 ~ 6 , 3 , 35 ]
, [ 2 , 4 , 35 ~ 2 , 6 , 35 ]
, [ 2 , 7 , 33 ~ 2 , 7 , 36 ]
, [ 6 , 1 , 35 ~ 6 , 3 , 35 ]
, [ 2 , 5 , 36 ~ 5 , 5 , 36 ]
, [ 2 , 0 , 35 ~ 4 , 0 , 35 ]
, [ 2 , 5 , 36 ~ 5 , 5 , 36 ]
, [ 6 , 2 , 36 ~ 8 , 2 , 36 ]
, [ 8 , 0 , 37 ~ 8 , 2 , 37 ]
, [ 5 , 9 , 37 ~ 6 , 9 , 37 ]
, [ 0 , 4 , 37 ~ 0 , 7 , 37 ]
, [ 0 , 4 , 37 ~ 0 , 7 , 37 ]
, [ 6 , 7 , 36 ~ 8 , 7 , 36 ]
, [ 8 , 0 , 37 ~ 8 , 2 , 37 ]
, [ 0 , 6 , 38 ~ 0 , 9 , 38 ]
, [ 6 , 2 , 36 ~ 8 , 2 , 36 ]
, [ 2 , 7 , 37 ~ 4 , 7 , 37 ]
, [ 0 , 3 , 38 ~ 0 , 5 , 38 ]
, [ 5 , 3 , 37 ~ 5 , 6 , 37 ]
, [ 1 , 0 , 36 ~ 4 , 0 , 36 ]
, [ 8 , 1 , 38 ~ 9 , 1 , 38 ]
, [ 5 , 3 , 37 ~ 5 , 6 , 37 ]
, [ 8 , 0 , 38 ~ 9 , 0 , 38 ]
, [ 7 , 1 , 37 ~ 7 , 3 , 37 ]
, [ 4 , 9 , 38 ~ 5 , 9 , 38 ]
, [ 1 , 5 , 37 ~ 3 , 5 , 37 ]
, [ 8 , 0 , 37 ~ 8 , 2 , 37 ]
, [ 0 , 6 , 39 ~ 0 , 8 , 39 ]
, [ 5 , 6 , 38 ~ 7 , 6 , 38 ]
, [ 9 , 0 , 39 ~ 9 , 0 , 39 ]
, [ 2 , 3 , 38 ~ 2 , 6 , 38 ]
, [ 6 , 3 , 36 ~ 6 , 3 , 38 ]
, [ 0 , 2 , 39 ~ 0 , 4 , 39 ]
, [ 8 , 7 , 37 ~ 8 , 9 , 37 ]
, [ 8 , 6 , 38 ~ 8 , 7 , 38 ]
, [ 3 , 7 , 38 ~ 3 , 9 , 38 ]
, [ 5 , 8 , 39 ~ 5 , 9 , 39 ]
, [ 0 , 3 , 40 ~ 0 , 4 , 40 ]
, [ 0 , 8 , 40 ~ 0 , 9 , 40 ]
, [ 2 , 2 , 39 ~ 2 , 4 , 39 ]
, [ 5 , 1 , 38 ~ 7 , 1 , 38 ]
, [ 3 , 0 , 37 ~ 3 , 1 , 37 ]
, [ 4 , 9 , 40 ~ 7 , 9 , 40 ]
, [ 5 , 4 , 38 ~ 6 , 4 , 38 ]
, [ 2 , 1 , 40 ~ 2 , 3 , 40 ]
, [ 7 , 9 , 41 ~ 9 , 9 , 41 ]
, [ 1 , 2 , 41 ~ 4 , 2 , 41 ]
, [ 1 , 2 , 41 ~ 4 , 2 , 41 ]
, [ 3 , 8 , 39 ~ 3 , 8 , 41 ]
, [ 8 , 1 , 39 ~ 8 , 1 , 42 ]
, [ 8 , 7 , 39 ~ 8 , 7 , 39 ]
, [ 0 , 2 , 42 ~ 1 , 2 , 42 ]
, [ 1 , 2 , 41 ~ 4 , 2 , 41 ]
, [ 6 , 1 , 43 ~ 8 , 1 , 43 ]
, [ 5 , 9 , 42 ~ 7 , 9 , 42 ]
, [ 6 , 6 , 39 ~ 6 , 6 , 41 ]
, [ 2 , 1 , 42 ~ 2 , 2 , 42 ]
, [ 1 , 0 , 38 ~ 3 , 0 , 38 ]
, [ 2 , 1 , 42 ~ 2 , 2 , 42 ]
, [ 7 , 9 , 41 ~ 9 , 9 , 41 ]
, [ 6 , 4 , 42 ~ 6 , 6 , 42 ]
, [ 3 , 0 , 42 ~ 3 , 3 , 42 ]
, [ 8 , 6 , 40 ~ 8 , 8 , 40 ]
, [ 3 , 6 , 42 ~ 3 , 9 , 42 ]
, [ 6 , 4 , 42 ~ 6 , 6 , 42 ]
, [ 6 , 4 , 43 ~ 8 , 4 , 43 ]
, [ 3 , 5 , 43 ~ 3 , 8 , 43 ]
, [ 2 , 2 , 43 ~ 2 , 3 , 43 ]
, [ 8 , 0 , 44 ~ 8 , 2 , 44 ]
, [ 1 , 7 , 44 ~ 4 , 7 , 44 ]
, [ 3 , 5 , 43 ~ 3 , 8 , 43 ]
, [ 1 , 7 , 44 ~ 4 , 7 , 44 ]
, [ 8 , 4 , 44 ~ 9 , 4 , 44 ]
, [ 2 , 5 , 45 ~ 2 , 7 , 45 ]
, [ 6 , 6 , 43 ~ 6 , 7 , 43 ]
, [ 2 , 2 , 44 ~ 6 , 2 , 44 ]
, [ 2 , 6 , 46 ~ 5 , 6 , 46 ]
, [ 1 , 7 , 44 ~ 4 , 7 , 44 ]
, [ 8 , 4 , 44 ~ 9 , 4 , 44 ]
, [ 4 , 2 , 45 ~ 5 , 2 , 45 ]
, [ 2 , 2 , 44 ~ 6 , 2 , 44 ]
, [ 2 , 6 , 46 ~ 5 , 6 , 46 ]
, [ 6 , 7 , 44 ~ 6 , 8 , 44 ]
, [ 2 , 1 , 43 ~ 2 , 1 , 46 ]
, [ 3 , 8 , 44 ~ 3 , 9 , 44 ]
, [ 4 , 4 , 47 ~ 4 , 6 , 47 ]
, [ 1 , 6 , 45 ~ 1 , 7 , 45 ]
, [ 0 , 1 , 47 ~ 3 , 1 , 47 ]
, [ 4 , 8 , 45 ~ 6 , 8 , 45 ]
, [ 5 , 6 , 47 ~ 6 , 6 , 47 ]
, [ 6 , 8 , 46 ~ 9 , 8 , 46 ]
, [ 0 , 1 , 47 ~ 3 , 1 , 47 ]
, [ 2 , 6 , 46 ~ 5 , 6 , 46 ]
, [ 1 , 3 , 46 ~ 1 , 6 , 46 ]
, [ 4 , 5 , 48 ~ 4 , 7 , 48 ]
, [ 2 , 6 , 46 ~ 5 , 6 , 46 ]
, [ 1 , 3 , 46 ~ 1 , 6 , 46 ]
, [ 3 , 5 , 49 ~ 6 , 5 , 49 ]
, [ 3 , 5 , 49 ~ 6 , 5 , 49 ]
, [ 9 , 5 , 47 ~ 9 , 8 , 47 ]
, [ 0 , 0 , 48 ~ 0 , 2 , 48 ]
, [ 5 , 3 , 50 ~ 5 , 6 , 50 ]
, [ 2 , 6 , 47 ~ 2 , 9 , 47 ]
, [ 5 , 3 , 50 ~ 5 , 6 , 50 ]
, [ 5 , 6 , 48 ~ 7 , 6 , 48 ]
, [ 2 , 5 , 48 ~ 2 , 9 , 48 ]
, [ 9 , 7 , 48 ~ 9 , 9 , 48 ]
, [ 6 , 6 , 49 ~ 8 , 6 , 49 ]
, [ 5 , 3 , 51 ~ 7 , 3 , 51 ]
, [ 2 , 5 , 48 ~ 2 , 9 , 48 ]
, [ 2 , 9 , 49 ~ 4 , 9 , 49 ]
, [ 3 , 4 , 51 ~ 5 , 4 , 51 ]
, [ 2 , 9 , 50 ~ 4 , 9 , 50 ]
, [ 9 , 6 , 49 ~ 9 , 8 , 49 ]
, [ 6 , 6 , 49 ~ 8 , 6 , 49 ]
, [ 3 , 4 , 51 ~ 5 , 4 , 51 ]
, [ 6 , 6 , 50 ~ 6 , 8 , 50 ]
, [ 3 , 8 , 51 ~ 3 , 9 , 51 ]
, [ 8 , 6 , 50 ~ 8 , 8 , 50 ]
, [ 6 , 5 , 50 ~ 6 , 5 , 52 ]
, [ 1 , 8 , 49 ~ 2 , 8 , 49 ]
, [ 2 , 9 , 50 ~ 4 , 9 , 50 ]
, [ 4 , 2 , 52 ~ 4 , 4 , 52 ]
, [ 6 , 4 , 53 ~ 6 , 6 , 53 ]
, [ 3 , 8 , 51 ~ 3 , 9 , 51 ]
, [ 8 , 4 , 51 ~ 8 , 7 , 51 ]
, [ 6 , 8 , 51 ~ 7 , 8 , 51 , 4 , 9 , 51 ~ 6 , 9 , 51 ]
, [ 2 , 8 , 50 ~ 2 , 8 , 50 ]
, [ 6 , 4 , 54 ~ 6 , 6 , 54 ]
, [ 3 , 9 , 52 ~ 3 , 9 , 54 ]
, [ 8 , 7 , 52 ~ 8 , 9 , 52 ]
, [ 3 , 8 , 52 ~ 4 , 8 , 52 ]
, [ 2 , 5 , 51 ~ 2 , 8 , 51 ]
, [ 5 , 4 , 55 ~ 8 , 4 , 55 ]
, [ 2 , 5 , 51 ~ 2 , 8 , 51 ]
, [ 2 , 5 , 52 ~ 4 , 5 , 52 ]
, [ 5 , 4 , 55 ~ 8 , 4 , 55 ]
, [ 7 , 4 , 56 ~ 9 , 4 , 56 ]
, [ 2 , 9 , 55 ~ 4 , 9 , 55 ]
, [ 7 , 4 , 56 ~ 9 , 4 , 56 ]
, [ 2 , 3 , 53 ~ 2 , 6 , 53 ]
, [ 1 , 7 , 52 ~ 3 , 7 , 52 ]
, [ 2 , 3 , 53 ~ 2 , 6 , 53 ]
, [ 2 , 3 , 53 ~ 2 , 6 , 53 ]
, [ 9 , 4 , 57 ~ 9 , 5 , 57 ]
, [ 2 , 6 , 54 ~ 4 , 6 , 54 ]
, [ 6 , 1 , 56 ~ 6 , 4 , 56 ]
, [ 4 , 5 , 55 ~ 4 , 7 , 55 ]
, [ 8 , 3 , 57 ~ 8 , 6 , 57 ]
, [ 0 , 5 , 54 ~ 3 , 5 , 54 ]
, [ 2 , 6 , 54 ~ 4 , 6 , 54 ]
, [ 9 , 2 , 58 ~ 9 , 4 , 58 ]
, [ 9 , 2 , 58 ~ 9 , 4 , 58 ]
, [ 4 , 5 , 55 ~ 4 , 7 , 55 ]
, [ 1 , 6 , 55 ~ 2 , 6 , 55 ]
, [ 9 , 4 , 59 ~ 9 , 6 , 59 ]
, [ 9 , 0 , 59 ~ 9 , 3 , 59 ]
, [ 4 , 6 , 56 ~ 7 , 6 , 56 ]
, [ 2 , 3 , 54 ~ 2 , 3 , 57 ]
, [ 4 , 6 , 56 ~ 7 , 6 , 56 ]
, [ 4 , 6 , 57 ~ 6 , 6 , 57 ]
, [ 9 , 1 , 60 ~ 9 , 2 , 60 ]
, [ 0 , 6 , 56 ~ 2 , 6 , 56 ]
, [ 4 , 6 , 58 ~ 4 , 7 , 58 ]
, [ 0 , 6 , 57 ~ 0 , 9 , 57 ]
, [ 0 , 6 , 57 ~ 0 , 9 , 57 ]
, [ 2 , 1 , 58 ~ 2 , 3 , 58 ]
, [ 2 , 1 , 58 ~ 2 , 3 , 58 ]
, [ 9 , 1 , 61 ~ 9 , 4 , 61 ]
, [ 4 , 5 , 59 ~ 4 , 7 , 59 ]
, [ 0 , 6 , 58 ~ 2 , 6 , 58 ]
, [ 4 , 5 , 59 ~ 4 , 7 , 59 ]
, [ 0 , 4 , 59 ~ 0 , 6 , 59 ]
, [ 2 , 1 , 59 ~ 5 , 1 , 59 ]
, [ 2 , 7 , 60 ~ 4 , 7 , 60 ]
, [ 2 , 3 , 59 ~ 2 , 4 , 59 ]
, [ 0 , 8 , 58 ~ 0 , 8 , 59 ]
, [ 4 , 5 , 60 ~ 7 , 5 , 60 ]
, [ 3 , 0 , 60 ~ 3 , 2 , 60 ]
, [ 0 , 3 , 60 ~ 0 , 4 , 60 ]
, [ 0 , 4 , 59 ~ 0 , 6 , 59 ]
, [ 2 , 7 , 60 ~ 4 , 7 , 60 ]
, [ 6 , 5 , 61 ~ 6 , 7 , 61 ]
, [ 0 , 7 , 60 ~ 0 , 9 , 60 ]
, [ 2 , 0 , 61 ~ 4 , 0 , 61 ]
, [ 1 , 4 , 60 ~ 4 , 4 , 60 ]
, [ 3 , 6 , 61 ~ 3 , 8 , 61 ]
, [ 6 , 5 , 61 ~ 6 , 7 , 61 ]
, [ 0 , 3 , 61 ~ 1 , 3 , 61 ]
, [ 6 , 5 , 61 ~ 6 , 7 , 61 ]
, [ 0 , 2 , 62 ~ 0 , 4 , 62 ]
, [ 2 , 0 , 61 ~ 4 , 0 , 61 ]
, [ 2 , 4 , 61 ~ 5 , 4 , 61 ]
, [ 6 , 6 , 62 ~ 6 , 6 , 63 ]
, [ 6 , 6 , 64 ~ 6 , 6 , 64 ]
, [ 3 , 6 , 62 ~ 5 , 6 , 62 ]
, [ 6 , 7 , 62 ~ 6 , 9 , 62 ]
, [ 3 , 0 , 62 ~ 3 , 2 , 62 ]
, [ 3 , 3 , 63 ~ 3 , 6 , 63 ]
, [ 3 , 0 , 62 ~ 3 , 2 , 62 ]
, [ 3 , 3 , 63 ~ 3 , 6 , 63 ]
, [ 5 , 6 , 65 ~ 7 , 6 , 65 ]
, [ 3 , 0 , 63 ~ 3 , 1 , 63 ]
, [ 3 , 3 , 63 ~ 3 , 6 , 63 ]
, [ 3 , 1 , 64 ~ 5 , 1 , 64 ]
, [ 3 , 2 , 63 ~ 3 , 2 , 63 ]
, [ 5 , 6 , 65 ~ 7 , 6 , 65 ]
, [ 2 , 4 , 64 ~ 3 , 4 , 64 ]
, [ 3 , 6 , 66 ~ 5 , 6 , 66 ]
, [ 3 , 2 , 64 ~ 5 , 2 , 64 ]
, [ 3 , 0 , 63 ~ 3 , 1 , 63 ]
, [ 3 , 6 , 66 ~ 5 , 6 , 66 ]
, [ 2 , 5 , 64 ~ 3 , 5 , 64 ]
, [ 3 , 1 , 65 ~ 6 , 1 , 65 , 5 , 2 , 65 ~ 8 , 2 , 65 ]
, [ 2 , 2 , 65 ~ 2 , 4 , 65 ]
, [ 5 , 5 , 67 ~ 5 , 9 , 67 ]
, [ 0 , 5 , 65 ~ 2 , 5 , 65 ]
, [ 1 , 0 , 64 ~ 4 , 0 , 64 ]
, [ 5 , 2 , 65 ~ 8 , 2 , 65 ]
, [ 5 , 8 , 68 ~ 8 , 8 , 68 ]
, [ 2 , 0 , 66 ~ 2 , 2 , 66 ]
, [ 8 , 2 , 66 ~ 8 , 5 , 66 ]
, [ 5 , 1 , 66 ~ 5 , 3 , 66 ]
, [ 5 , 8 , 68 ~ 8 , 8 , 68 ]
, [ 1 , 5 , 66 ~ 1 , 6 , 66 ]
, [ 2 , 2 , 67 ~ 2 , 4 , 67 ]
, [ 2 , 0 , 66 ~ 2 , 2 , 66 ]
, [ 5 , 1 , 66 ~ 5 , 3 , 66 ]
, [ 4 , 0 , 65 ~ 7 , 0 , 65 ]
, [ 7 , 5 , 66 ~ 7 , 7 , 66 , 8 , 2 , 66 ~ 8 , 5 , 66 ]
, [ 4 , 6 , 67 ~ 4 , 6 , 70 ]
, [ 5 , 3 , 67 ~ 7 , 3 , 67 ]
, [ 6 , 5 , 67 ~ 8 , 5 , 67 ]
, [ 1 , 5 , 67 ~ 4 , 5 , 67 ]
, [ 8 , 2 , 66 ~ 8 , 5 , 66 ]
, [ 5 , 8 , 68 ~ 8 , 8 , 68 ]
, [ 7 , 7 , 69 ~ 7 , 9 , 69 ]
, [ 8 , 7 , 69 ~ 8 , 8 , 69 , 7 , 7 , 69 ~ 7 , 9 , 69 ]
, [ 5 , 1 , 66 ~ 5 , 3 , 66 ]
, [ 5 , 8 , 68 ~ 8 , 8 , 68 ]
, [ 6 , 5 , 67 ~ 8 , 5 , 67 ]
, [ 2 , 1 , 67 ~ 3 , 1 , 67 ]
, [ 5 , 7 , 69 ~ 5 , 9 , 69 ]
, [ 2 , 4 , 68 ~ 5 , 4 , 68 ]
, [ 6 , 7 , 69 ~ 6 , 8 , 69 ]
, [ 6 , 0 , 66 ~ 7 , 0 , 66 ]
, [ 4 , 3 , 68 ~ 6 , 3 , 68 ]
, [ 2 , 7 , 70 ~ 5 , 7 , 70 ]
, [ 5 , 7 , 69 ~ 5 , 9 , 69 ]
, [ 4 , 6 , 71 ~ 6 , 6 , 71 ]
, [ 2 , 7 , 70 ~ 5 , 7 , 70 ]
, [ 1 , 5 , 67 ~ 4 , 5 , 67 ]
, [ 2 , 0 , 68 ~ 2 , 1 , 68 ]
, [ 2 , 5 , 68 ~ 2 , 5 , 70 ]
, [ 5 , 0 , 67 ~ 8 , 0 , 67 ]
, [ 2 , 0 , 68 ~ 2 , 1 , 68 ]
, [ 3 , 4 , 69 ~ 5 , 4 , 69 , 2 , 3 , 69 ~ 5 , 3 , 69 ]
, [ 2 , 6 , 71 ~ 2 , 8 , 71 ]
, [ 6 , 4 , 72 ~ 6 , 7 , 72 ]
, [ 5 , 1 , 70 ~ 5 , 4 , 70 ]
, [ 6 , 4 , 72 ~ 6 , 7 , 72 ]
, [ 1 , 5 , 68 ~ 1 , 7 , 68 ]
, [ 3 , 9 , 70 ~ 5 , 9 , 70 ]
, [ 4 , 6 , 71 ~ 6 , 6 , 71 , 3 , 7 , 71 ~ 5 , 7 , 71 ]
, [ 8 , 2 , 67 ~ 8 , 2 , 69 ]
, [ 7 , 8 , 70 ~ 7 , 8 , 72 ]
, [ 7 , 5 , 68 ~ 7 , 5 , 70 ]
, [ 6 , 0 , 68 ~ 7 , 0 , 68 ]
, [ 2 , 6 , 72 ~ 2 , 8 , 72 ]
, [ 6 , 8 , 73 ~ 9 , 8 , 73 ]
, [ 8 , 0 , 70 ~ 8 , 2 , 70 ]
, [ 7 , 4 , 71 ~ 7 , 5 , 71 ]
, [ 5 , 5 , 72 ~ 5 , 8 , 72 ]
, [ 5 , 3 , 71 ~ 5 , 4 , 71 ]
, [ 5 , 3 , 71 ~ 5 , 4 , 71 ]
, [ 1 , 3 , 69 ~ 1 , 6 , 69 ]
, [ 7 , 4 , 71 ~ 7 , 5 , 71 ]
, [ 5 , 8 , 74 ~ 8 , 8 , 74 ]
, [ 1 , 3 , 70 ~ 1 , 7 , 70 ]
, [ 2 , 6 , 72 ~ 2 , 8 , 72 ]
, [ 7 , 1 , 72 ~ 7 , 4 , 72 ]
, [ 1 , 3 , 70 ~ 1 , 7 , 70 ]
, [ 6 , 7 , 73 ~ 6 , 7 , 75 ]
, [ 2 , 4 , 72 ~ 5 , 4 , 72 ]
, [ 1 , 3 , 70 ~ 1 , 7 , 70 ]
, [ 1 , 1 , 71 ~ 1 , 3 , 71 ]
, [ 4 , 2 , 73 ~ 7 , 2 , 73 ]
, [ 6 , 6 , 73 ~ 6 , 6 , 75 ]
, [ 4 , 7 , 76 ~ 7 , 7 , 76 ]
, [ 0 , 7 , 73 ~ 3 , 7 , 73 ]
, [ 0 , 3 , 72 ~ 3 , 3 , 72 ]
, [ 1 , 1 , 71 ~ 1 , 3 , 71 ]
, [ 4 , 7 , 76 ~ 7 , 7 , 76 ]
, [ 5 , 6 , 76 ~ 7 , 6 , 76 ]
, [ 0 , 1 , 73 ~ 0 , 3 , 73 ]
, [ 2 , 7 , 77 ~ 4 , 7 , 77 ]
, [ 2 , 5 , 71 ~ 4 , 5 , 71 , 1 , 4 , 71 ~ 1 , 5 , 71 ]
, [ 6 , 1 , 74 ~ 6 , 3 , 74 ]
, [ 4 , 3 , 72 ~ 6 , 3 , 72 , 0 , 3 , 72 ~ 3 , 3 , 72 ]
, [ 1 , 7 , 74 ~ 2 , 7 , 74 ]
, [ 5 , 6 , 76 ~ 7 , 6 , 76 ]
, [ 2 , 7 , 77 ~ 4 , 7 , 77 ]
, [ 7 , 4 , 77 ~ 7 , 6 , 77 ]
, [ 4 , 5 , 78 ~ 7 , 5 , 78 ]
, [ 3 , 3 , 73 ~ 5 , 3 , 73 ]
, [ 2 , 6 , 78 ~ 2 , 9 , 78 ]
, [ 4 , 5 , 78 ~ 7 , 5 , 78 ]
, [ 6 , 1 , 75 ~ 6 , 3 , 75 ]
, [ 2 , 6 , 78 ~ 2 , 9 , 78 , 4 , 7 , 78 ~ 4 , 9 , 78 ]
, [ 6 , 1 , 76 ~ 8 , 1 , 76 ]
, [ 4 , 5 , 78 ~ 7 , 5 , 78 ]
, [ 6 , 1 , 76 ~ 8 , 1 , 76 ]
, [ 4 , 3 , 79 ~ 4 , 6 , 79 , 2 , 8 , 79 ~ 4 , 8 , 79 ]
, [ 1 , 3 , 74 ~ 3 , 3 , 74 ]
, [ 0 , 6 , 79 ~ 2 , 6 , 79 ]
, [ 5 , 6 , 77 ~ 5 , 6 , 79 ]
, [ 4 , 3 , 79 ~ 4 , 6 , 79 ]
, [ 0 , 5 , 80 ~ 0 , 7 , 80 ]
, [ 5 , 6 , 80 ~ 5 , 8 , 80 ]
, [ 2 , 8 , 79 ~ 4 , 8 , 79 ]
, [ 7 , 0 , 77 ~ 7 , 2 , 77 , 8 , 1 , 77 ~ 8 , 4 , 77 ]
, [ 5 , 6 , 80 ~ 5 , 8 , 80 ]
, [ 5 , 6 , 80 ~ 5 , 8 , 80 ]
, [ 7 , 0 , 77 ~ 7 , 2 , 77 ]
, [ 7 , 0 , 77 ~ 7 , 2 , 77 ]
, [ 5 , 7 , 81 ~ 7 , 7 , 81 ]
, [ 4 , 3 , 80 ~ 7 , 3 , 80 ]
, [ 6 , 1 , 78 ~ 8 , 1 , 78 ]
, [ 6 , 1 , 79 ~ 7 , 1 , 79 ]
, [ 5 , 6 , 81 ~ 7 , 6 , 81 ]
, [ 4 , 3 , 81 ~ 4 , 5 , 81 ]
, [ 5 , 8 , 81 ~ 6 , 8 , 81 ]
, [ 4 , 3 , 81 ~ 4 , 5 , 81 ]
, [ 7 , 0 , 78 ~ 8 , 0 , 78 ]
, [ 5 , 8 , 82 ~ 5 , 9 , 82 ]
, [ 4 , 2 , 78 ~ 7 , 2 , 78 ]
, [ 4 , 3 , 82 ~ 6 , 3 , 82 ]
, [ 5 , 6 , 82 ~ 7 , 6 , 82 ]
, [ 6 , 7 , 82 ~ 8 , 7 , 82 ]
, [ 4 , 3 , 81 ~ 4 , 5 , 81 ]
, [ 5 , 3 , 83 ~ 8 , 3 , 83 ]
, [ 6 , 0 , 79 ~ 8 , 0 , 79 ]
, [ 5 , 3 , 83 ~ 8 , 3 , 83 ]
, [ 8 , 7 , 83 ~ 8 , 9 , 83 ]
, [ 5 , 3 , 83 ~ 8 , 3 , 83 ]
, [ 5 , 6 , 83 ~ 7 , 6 , 83 ]
, [ 6 , 0 , 80 ~ 8 , 0 , 80 ]
, [ 8 , 7 , 83 ~ 8 , 9 , 83 ]
, [ 6 , 2 , 84 ~ 6 , 4 , 84 , 8 , 2 , 84 ~ 8 , 3 , 84 ]
, [ 7 , 0 , 81 ~ 9 , 0 , 81 ]
, [ 6 , 8 , 84 ~ 9 , 8 , 84 ]
, [ 6 , 8 , 84 ~ 9 , 8 , 84 ]
, [ 6 , 6 , 84 ~ 8 , 6 , 84 ]
, [ 7 , 3 , 85 ~ 7 , 6 , 85 ]
, [ 7 , 3 , 85 ~ 7 , 6 , 85 ]
, [ 2 , 3 , 84 ~ 5 , 3 , 84 ]
, [ 7 , 3 , 85 ~ 7 , 6 , 85 ]
, [ 5 , 9 , 83 ~ 5 , 9 , 86 ]
, [ 5 , 6 , 86 ~ 8 , 6 , 86 ]
, [ 6 , 2 , 85 ~ 8 , 2 , 85 ]
, [ 6 , 8 , 84 ~ 9 , 8 , 84 ]
, [ 6 , 2 , 85 ~ 8 , 2 , 85 ]
, [ 8 , 9 , 84 ~ 8 , 9 , 86 ]
, [ 7 , 3 , 85 ~ 7 , 6 , 85 ]
, [ 5 , 6 , 86 ~ 8 , 6 , 86 ]
, [ 2 , 0 , 85 ~ 2 , 3 , 85 ]
, [ 7 , 5 , 86 ~ 9 , 5 , 86 , 8 , 2 , 86 ~ 8 , 3 , 86 ]
, [ 2 , 0 , 85 ~ 2 , 3 , 85 ]
, [ 5 , 5 , 87 ~ 5 , 7 , 87 ]
, [ 2 , 3 , 86 ~ 4 , 3 , 86 ]
, [ 2 , 3 , 86 ~ 4 , 3 , 86 ]
, [ 1 , 0 , 86 ~ 4 , 0 , 86 ]
, [ 5 , 6 , 88 ~ 6 , 6 , 88 ]
, [ 5 , 5 , 87 ~ 5 , 7 , 87 , 7 , 6 , 87 ~ 7 , 8 , 87 ]
, [ 5 , 3 , 86 ~ 7 , 3 , 86 ]
, [ 1 , 0 , 87 ~ 3 , 0 , 87 ]
, [ 3 , 1 , 87 ~ 3 , 4 , 87 , 5 , 0 , 87 ~ 5 , 3 , 87 ]
, [ 7 , 6 , 87 ~ 7 , 8 , 87 ]
, [ 5 , 7 , 88 ~ 7 , 7 , 88 ]
, [ 5 , 0 , 87 ~ 5 , 3 , 87 ]
, [ 6 , 8 , 88 ~ 8 , 8 , 88 ]
, [ 5 , 0 , 87 ~ 5 , 3 , 87 ]
, [ 4 , 2 , 88 ~ 7 , 2 , 88 ]
, [ 0 , 3 , 87 ~ 2 , 3 , 87 ]
, [ 5 , 7 , 89 ~ 6 , 7 , 89 ]
, [ 5 , 4 , 89 ~ 5 , 6 , 89 , 5 , 7 , 89 ~ 6 , 7 , 89 ]
, [ 2 , 0 , 88 ~ 4 , 0 , 88 ]
, [ 5 , 0 , 88 ~ 7 , 0 , 88 ]
, [ 6 , 7 , 90 ~ 6 , 9 , 90 ]
, [ 4 , 2 , 88 ~ 7 , 2 , 88 ]
, [ 0 , 0 , 89 ~ 3 , 0 , 89 ]
, [ 4 , 2 , 88 ~ 7 , 2 , 88 ]
, [ 1 , 2 , 88 ~ 1 , 6 , 88 ]
, [ 1 , 2 , 88 ~ 1 , 6 , 88 ]
, [ 0 , 0 , 89 ~ 3 , 0 , 89 ]
, [ 6 , 8 , 91 ~ 9 , 8 , 91 ]
, [ 1 , 2 , 88 ~ 1 , 6 , 88 ]
, [ 9 , 7 , 92 ~ 9 , 9 , 92 ]
, [ 1 , 6 , 89 ~ 1 , 8 , 89 ]
, [ 6 , 8 , 91 ~ 9 , 8 , 91 ]
, [ 3 , 2 , 89 ~ 5 , 2 , 89 ]
, [ 1 , 3 , 89 ~ 2 , 3 , 89 ]
, [ 0 , 5 , 89 ~ 2 , 5 , 89 ]
, [ 2 , 3 , 90 ~ 4 , 3 , 90 ]
, [ 2 , 0 , 90 ~ 2 , 2 , 90 ]
, [ 7 , 1 , 89 ~ 7 , 3 , 89 ]
, [ 1 , 8 , 90 ~ 3 , 8 , 90 ]
, [ 4 , 0 , 90 ~ 4 , 2 , 90 ]
, [ 0 , 3 , 91 ~ 2 , 3 , 91 ]
, [ 6 , 6 , 92 ~ 6 , 8 , 92 ]
, [ 7 , 1 , 90 ~ 7 , 2 , 90 ]
, [ 6 , 6 , 93 ~ 6 , 9 , 93 ]
, [ 4 , 0 , 90 ~ 4 , 2 , 90 ]
, [ 2 , 8 , 91 ~ 3 , 8 , 91 ]
, [ 1 , 5 , 90 ~ 4 , 5 , 90 ]
, [ 1 , 8 , 90 ~ 3 , 8 , 90 ]
, [ 0 , 1 , 92 ~ 0 , 3 , 92 ]
, [ 2 , 3 , 90 ~ 4 , 3 , 90 ]
, [ 3 , 2 , 91 ~ 6 , 2 , 91 ]
, [ 6 , 6 , 93 ~ 6 , 9 , 93 ]
, [ 2 , 4 , 92 ~ 2 , 8 , 92 ]
, [ 6 , 8 , 94 ~ 7 , 8 , 94 ]
, [ 3 , 2 , 91 ~ 6 , 2 , 91 , 7 , 1 , 91 ~ 7 , 2 , 91 ]
, [ 6 , 6 , 93 ~ 6 , 9 , 93 ]
, [ 6 , 6 , 93 ~ 6 , 9 , 93 ]
, [ 5 , 2 , 92 ~ 7 , 2 , 92 ]
, [ 2 , 4 , 92 ~ 2 , 8 , 92 ]
, [ 2 , 4 , 92 ~ 2 , 8 , 92 ]
, [ 2 , 1 , 93 ~ 2 , 4 , 93 ]
, [ 2 , 1 , 93 ~ 2 , 4 , 93 ]
, [ 5 , 9 , 94 ~ 7 , 9 , 94 ]
, [ 2 , 6 , 93 ~ 3 , 6 , 93 ]
, [ 0 , 2 , 93 ~ 0 , 4 , 93 ]
, [ 7 , 1 , 91 ~ 7 , 2 , 91 ]
, [ 2 , 4 , 92 ~ 2 , 8 , 92 ]
, [ 2 , 1 , 93 ~ 2 , 4 , 93 ]
, [ 2 , 5 , 93 ~ 5 , 5 , 93 ]
, [ 7 , 1 , 92 ~ 9 , 1 , 92 ]
, [ 0 , 7 , 93 ~ 2 , 7 , 93 ]
, [ 6 , 9 , 95 ~ 6 , 9 , 95 ]
, [ 4 , 7 , 94 ~ 6 , 7 , 94 ]
, [ 6 , 8 , 95 ~ 8 , 8 , 95 ]
, [ 2 , 6 , 93 ~ 3 , 6 , 93 ]
, [ 2 , 5 , 93 ~ 5 , 5 , 93 ]
, [ 3 , 6 , 94 ~ 3 , 9 , 94 ]
, [ 6 , 6 , 94 ~ 8 , 6 , 94 ]
, [ 3 , 6 , 94 ~ 3 , 9 , 94 ]
, [ 3 , 5 , 94 ~ 5 , 5 , 94 ]
, [ 0 , 3 , 94 ~ 0 , 5 , 94 ]
, [ 1 , 1 , 94 ~ 3 , 1 , 94 ]
, [ 4 , 2 , 92 ~ 4 , 2 , 94 ]
, [ 3 , 6 , 94 ~ 3 , 9 , 94 ]
, [ 5 , 3 , 95 ~ 5 , 6 , 95 ]
, [ 1 , 8 , 95 ~ 4 , 8 , 95 ]
, [ 0 , 7 , 94 ~ 0 , 9 , 94 ]
, [ 1 , 8 , 96 ~ 3 , 8 , 96 ]
, [ 2 , 2 , 95 ~ 4 , 2 , 95 ]
, [ 6 , 8 , 96 ~ 7 , 8 , 96 ]
, [ 5 , 6 , 96 ~ 5 , 9 , 96 ]
, [ 1 , 0 , 95 ~ 1 , 2 , 95 ]
, [ 8 , 4 , 95 ~ 8 , 6 , 95 ]
, [ 2 , 2 , 95 ~ 4 , 2 , 95 ]
, [ 0 , 5 , 95 ~ 0 , 5 , 97 ]
, [ 3 , 7 , 95 ~ 3 , 7 , 96 ]
, [ 1 , 0 , 96 ~ 1 , 2 , 96 ]
, [ 7 , 8 , 97 ~ 9 , 8 , 97 ]
, [ 5 , 7 , 97 ~ 7 , 7 , 97 ]
, [ 5 , 7 , 97 ~ 7 , 7 , 97 ]
, [ 3 , 2 , 96 ~ 5 , 2 , 96 ]
, [ 2 , 7 , 97 ~ 3 , 7 , 97 ]
, [ 8 , 4 , 96 ~ 8 , 5 , 96 ]
, [ 5 , 7 , 98 ~ 5 , 9 , 98 ]
, [ 2 , 6 , 98 ~ 2 , 8 , 98 ]
, [ 0 , 1 , 97 ~ 3 , 1 , 97 ]
, [ 5 , 7 , 99 ~ 5 , 9 , 99 ]
, [ 6 , 4 , 97 ~ 9 , 4 , 97 ]
, [ 0 , 1 , 98 ~ 0 , 3 , 98 ]
, [ 6 , 4 , 97 ~ 9 , 4 , 97 ]
, [ 2 , 6 , 98 ~ 2 , 8 , 98 ]
, [ 5 , 7 , 99 ~ 5 , 9 , 99 ]
, [ 0 , 5 , 98 ~ 0 , 5 , 98 , 0 , 1 , 98 ~ 0 , 3 , 98 ]
, [ 8 , 4 , 98 ~ 8 , 7 , 98 ]
, [ 2 , 5 , 99 ~ 2 , 7 , 99 ]
, [ 2 , 5 , 99 ~ 2 , 7 , 99 ]
, [ 6 , 3 , 98 ~ 6 , 6 , 98 ]
, [ 6 , 2 , 99 ~ 6 , 5 , 99 ]
, [ 1 , 5 , 100 ~ 2 , 5 , 100 ]
, [ 8 , 4 , 99 ~ 8 , 6 , 99 ]
, [ 2 , 6 , 100 ~ 3 , 6 , 100 ]
, [ 5 , 9 , 100 ~ 5 , 9 , 103 ]
, [ 8 , 6 , 100 ~ 9 , 6 , 100 ]
, [ 6 , 4 , 100 ~ 6 , 6 , 100 ]
, [ 1 , 3 , 101 ~ 1 , 7 , 101 , 3 , 6 , 101 ~ 3 , 8 , 101 ]
, [ 1 , 3 , 101 ~ 1 , 7 , 101 ]
, [ 8 , 3 , 101 ~ 8 , 6 , 101 ]
, [ 8 , 3 , 101 ~ 8 , 6 , 101 ]
, [ 1 , 7 , 102 ~ 4 , 7 , 102 ]
, [ 6 , 5 , 102 ~ 9 , 5 , 102 , 6 , 3 , 102 ~ 8 , 3 , 102 ]
, [ 8 , 3 , 101 ~ 8 , 6 , 101 ]
, [ 3 , 4 , 101 ~ 6 , 4 , 101 ]
, [ 6 , 5 , 102 ~ 9 , 5 , 102 ]
, [ 4 , 7 , 103 ~ 4 , 9 , 103 ]
, [ 8 , 3 , 103 ~ 8 , 5 , 103 ]
, [ 6 , 3 , 102 ~ 8 , 3 , 102 ]
, [ 6 , 1 , 103 ~ 6 , 4 , 103 ]
, [ 6 , 1 , 103 ~ 6 , 4 , 103 ]
, [ 6 , 1 , 103 ~ 6 , 4 , 103 ]
, [ 3 , 2 , 104 ~ 6 , 2 , 104 ]
, [ 4 , 4 , 104 ~ 7 , 4 , 104 ]
, [ 6 , 1 , 103 ~ 6 , 4 , 103 ]
, [ 4 , 4 , 105 ~ 4 , 6 , 105 ]
, [ 1 , 6 , 106 ~ 4 , 6 , 106 ]
, [ 5 , 3 , 104 ~ 7 , 3 , 104 , 4 , 4 , 104 ~ 7 , 4 , 104 ]
, [ 3 , 2 , 104 ~ 6 , 2 , 104 ]
, [ 4 , 0 , 105 ~ 4 , 2 , 105 ]
, [ 4 , 4 , 104 ~ 7 , 4 , 104 ]
, [ 4 , 0 , 105 ~ 4 , 2 , 105 ]
, [ 1 , 6 , 106 ~ 4 , 6 , 106 ]
, [ 4
  , 4
  , 105 ~ 4
  , 6
  , 105
  , 5
  , 3
  , 105 ~ 5
  , 5
  , 105
  , 6
  , 4
  , 105 ~ 8
  , 4
  , 105
  ]
, [ 6 , 4 , 105 ~ 8 , 4 , 105 ]
, [ 2 , 5 , 107 ~ 2 , 8 , 107 ]
, [ 6 , 1 , 104 ~ 8 , 1 , 104 ]
, [ 2 , 5 , 107 ~ 2 , 8 , 107 ]
, [ 6 , 1 , 104 ~ 8 , 1 , 104 ]
, [ 1 , 1 , 106 ~ 4 , 1 , 106 ]
, [ 3 , 6 , 107 ~ 5 , 6 , 107 ]
, [ 5 , 3 , 105 ~ 5 , 5 , 105 ]
, [ 3 , 6 , 107 ~ 5 , 6 , 107 ]
, [ 1 , 8 , 108 ~ 3 , 8 , 108 ]
, [ 1 , 8 , 108 ~ 3 , 8 , 108 ]
, [ 2 , 0 , 106 ~ 4 , 0 , 106 ]
, [ 2 , 0 , 106 ~ 4 , 0 , 106 ]
, [ 4 , 4 , 105 ~ 4 , 6 , 105 , 5 , 3 , 105 ~ 5 , 5 , 105 ]
, [ 3 , 2 , 105 ~ 3 , 2 , 107 ]
, [ 3 , 6 , 107 ~ 5 , 6 , 107 ]
, [ 3
  , 4
  , 106 ~ 6
  , 4
  , 106
  , 4
  , 3
  , 106 ~ 5
  , 3
  , 106
  , 4
  , 5
  , 106 ~ 7
  , 5
  , 106
  ]
, [ 7 , 4 , 106 ~ 9 , 4 , 106 ]
, [ 5 , 6 , 108 ~ 8 , 6 , 108 ]
, [ 2 , 5 , 108 ~ 2 , 7 , 108 ]
, [ 2 , 5 , 108 ~ 2 , 7 , 108 , 3 , 3 , 108 ~ 3 , 6 , 108 ]
, [ 3 , 2 , 108 ~ 6 , 2 , 108 ]
, [ 5 , 6 , 108 ~ 8 , 6 , 108 ]
, [ 7 , 5 , 109 ~ 7 , 8 , 109 ]
, [ 3 , 8 , 109 ~ 3 , 8 , 110 ]
, [ 9 , 4 , 107 ~ 9 , 6 , 107 ]
, [ 0 , 5 , 109 ~ 2 , 5 , 109 ]
, [ 1 , 6 , 109 ~ 3 , 6 , 109 ]
, [ 6 , 6 , 110 ~ 7 , 6 , 110 ]
, [ 1 , 6 , 109 ~ 3 , 6 , 109 ]
, [ 2 , 0 , 107 ~ 2 , 0 , 110 ]
, [ 8 , 5 , 109 ~ 8 , 8 , 109 , 7 , 5 , 109 ~ 7 , 8 , 109 ]
, [ 7 , 7 , 110 ~ 9 , 7 , 110 ]
, [ 3 , 2 , 109 ~ 5 , 2 , 109 ]
, [ 2 , 8 , 111 ~ 5 , 8 , 111 ]
, [ 9 , 3 , 108 ~ 9 , 4 , 108 ]
, [ 2 , 8 , 111 ~ 5 , 8 , 111 ]
, [ 0 , 5 , 110 ~ 0 , 8 , 110 ]
, [ 2 , 0 , 111 ~ 2 , 2 , 111 ]
, [ 6 , 3 , 109 ~ 9 , 3 , 109 ]
, [ 5 , 7 , 112 ~ 5 , 8 , 112 ]
, [ 2 , 0 , 112 ~ 2 , 3 , 112 ]
, [ 0 , 6 , 111 ~ 0 , 7 , 111 ]
, [ 3 , 3 , 110 ~ 3 , 6 , 110 ]
, [ 5 , 7 , 112 ~ 5 , 8 , 112 ]
, [ 0 , 8 , 112 ~ 2 , 8 , 112 ]
, [ 2 , 0 , 112 ~ 2 , 3 , 112 ]
, [ 6 , 3 , 109 ~ 9 , 3 , 109 ]
, [ 0 , 6 , 111 ~ 0 , 7 , 111 ]
, [ 1 , 1 , 113 ~ 4 , 1 , 113 ]
, [ 8 , 5 , 109 ~ 8 , 8 , 109 , 6 , 3 , 109 ~ 9 , 3 , 109 ]
, [ 7 , 0 , 110 ~ 7 , 3 , 110 ]
, [ 0 , 3 , 113 ~ 3 , 3 , 113 ]
, [ 8 , 7 , 111 ~ 8 , 9 , 111 ]
, [ 1 , 1 , 114 ~ 4 , 1 , 114 ]
, [ 6 , 0 , 110 ~ 6 , 3 , 110 ]
, [ 3 , 7 , 113 ~ 7 , 7 , 113 ]
, [ 6 , 2 , 111 ~ 6 , 4 , 111 ]
, [ 1 , 1 , 114 ~ 4 , 1 , 114 ]
, [ 3 , 7 , 113 ~ 7 , 7 , 113 ]
, [ 3 , 7 , 113 ~ 7 , 7 , 113 ]
, [ 3 , 7 , 113 ~ 7 , 7 , 113 ]
, [ 7 , 0 , 110 ~ 7 , 3 , 110 , 6 , 0 , 110 ~ 6 , 3 , 110 ]
, [ 3 , 7 , 113 ~ 7 , 7 , 113 ]
, [ 7 , 0 , 111 ~ 9 , 0 , 111 ]
, [ 0 , 3 , 113 ~ 3 , 3 , 113 ]
, [ 4 , 4 , 114 ~ 4 , 7 , 114 ]
, [ 7 , 8 , 112 ~ 9 , 8 , 112 ]
, [ 6 , 2 , 112 ~ 6 , 3 , 112 ]
, [ 2 , 2 , 114 ~ 2 , 5 , 114 ]
, [ 2 , 6 , 110 ~ 2 , 6 , 113 ]
, [ 6 , 3 , 113 ~ 6 , 5 , 113 ]
, [ 6 , 3 , 113 ~ 6 , 5 , 113 ]
, [ 2 , 1 , 115 ~ 3 , 1 , 115 ]
, [ 8 , 3 , 110 ~ 8 , 5 , 110 ]
, [ 3 , 3 , 114 ~ 3 , 5 , 114 ]
, [ 8 , 8 , 113 ~ 9 , 8 , 113 ]
, [ 6 , 1 , 111 ~ 8 , 1 , 111 ]
, [ 4 , 1 , 115 ~ 4 , 1 , 116 , 0 , 1 , 116 ~ 2 , 1 , 116 ]
, [ 7 , 4 , 111 ~ 9 , 4 , 111 ]
, [ 4 , 4 , 115 ~ 4 , 6 , 115 ]
, [ 4 , 4 , 115 ~ 4 , 6 , 115 ]
, [ 0 , 1 , 116 ~ 2 , 1 , 116 ]
, [ 6 , 7 , 114 ~ 6 , 7 , 115 ]
, [ 4 , 4 , 116 ~ 6 , 4 , 116 ]
, [ 2 , 1 , 117 ~ 4 , 1 , 117 ]
, [ 4 , 5 , 116 ~ 4 , 7 , 116 ]
, [ 3 , 3 , 115 ~ 3 , 5 , 115 ]
, [ 9 , 2 , 112 ~ 9 , 5 , 112 ]
, [ 3 , 0 , 118 ~ 3 , 2 , 118 ]
, [ 5 , 2 , 117 ~ 5 , 4 , 117 ]
, [ 0 , 0 , 117 ~ 0 , 3 , 117 ]
, [ 9 , 2 , 112 ~ 9 , 5 , 112 ]
, [ 7 , 7 , 114 ~ 9 , 7 , 114 , 9 , 8 , 114 ~ 9 , 9 , 114 ]
, [ 6 , 6 , 116 ~ 6 , 7 , 116 ]
, [ 5 , 2 , 117 ~ 5 , 4 , 117 ]
, [ 3 , 0 , 118 ~ 3 , 2 , 118 ]
, [ 4 , 7 , 117 ~ 4 , 9 , 117 ]
, [ 9 , 5 , 115 ~ 9 , 8 , 115 ]
, [ 3 , 3 , 116 ~ 3 , 4 , 116 ]
, [ 8 , 5 , 113 ~ 9 , 5 , 113 ]
, [ 4 , 7 , 117 ~ 4 , 9 , 117 ]
, [ 3 , 2 , 119 ~ 3 , 2 , 121 ]
, [ 9 , 2 , 113 ~ 9 , 4 , 113 ]
, [ 2 , 8 , 118 ~ 5 , 8 , 118 ]
, [ 2 , 8 , 118 ~ 5 , 8 , 118 ]
, [ 6 , 6 , 117 ~ 6 , 8 , 117 ]
, [ 7 , 7 , 114 ~ 9 , 7 , 114 , 8 , 4 , 114 ~ 8 , 6 , 114 ]
, [ 9 , 1 , 114 ~ 9 , 3 , 114 ]
, [ 1 , 9 , 118 ~ 4 , 9 , 118 ]
, [ 5 , 4 , 118 ~ 7 , 4 , 118 , 3 , 6 , 118 ~ 6 , 6 , 118 ]
, [ 0 , 2 , 122 ~ 4 , 2 , 122 ]
, [ 4 , 3 , 118 ~ 5 , 3 , 118 ]
, [ 3 , 3 , 117 ~ 3 , 5 , 117 ]
, [ 3 , 8 , 119 ~ 5 , 8 , 119 , 2 , 7 , 119 ~ 2 , 8 , 119 ]
, [ 8 , 4 , 115 ~ 8 , 7 , 115 ]
, [ 7 , 2 , 115 ~ 9 , 2 , 115 ]
, [ 2 , 7 , 119 ~ 2 , 8 , 119 ]
, [ 0 , 2 , 122 ~ 4 , 2 , 122 ]
, [ 0 , 2 , 122 ~ 4 , 2 , 122 ]
, [ 7 , 2 , 115 ~ 9 , 2 , 115 ]
, [ 9 , 2 , 116 ~ 9 , 3 , 116 ]
, [ 6 , 4 , 119 ~ 6 , 7 , 119 ]
, [ 7 , 2 , 115 ~ 9 , 2 , 115 ]
, [ 3 , 6 , 118 ~ 6 , 6 , 118 ]
, [ 6 , 6 , 120 ~ 8 , 6 , 120 ]
, [ 4 , 4 , 119 ~ 4 , 6 , 119 ]
, [ 6 , 6 , 120 ~ 8 , 6 , 120 ]
, [ 0 , 0 , 123 ~ 0 , 2 , 123 ]
, [ 2 , 4 , 120 ~ 4 , 4 , 120 ]
, [ 8 , 5 , 121 ~ 8 , 8 , 121 ]
, [ 3 , 2 , 123 ~ 6 , 2 , 123 ]
, [ 2 , 7 , 120 ~ 3 , 7 , 120 ]
, [ 7 , 6 , 121 ~ 7 , 9 , 121 ]
, [ 9 , 1 , 117 ~ 9 , 3 , 117 ]
, [ 3 , 2 , 123 ~ 6 , 2 , 123 ]
, [ 1 , 3 , 118 ~ 3 , 3 , 118 ]
, [ 8 , 5 , 121 ~ 8 , 8 , 121 ]
, [ 3 , 2 , 123 ~ 6 , 2 , 123 ]
, [ 0 , 0 , 124 ~ 3 , 0 , 124 ]
, [ 2 , 4 , 120 ~ 4 , 4 , 120 ]
, [ 7 , 0 , 116 ~ 7 , 2 , 116 ]
, [ 1 , 7 , 121 ~ 3 , 7 , 121 ]
, [ 3 , 2 , 123 ~ 6 , 2 , 123 ]
, [ 6 , 9 , 122 ~ 7 , 9 , 122 ]
, [ 8 , 6 , 122 ~ 8 , 7 , 122 ]
, [ 3 , 6 , 122 ~ 3 , 9 , 122 ]
, [ 5 , 0 , 124 ~ 5 , 2 , 124 ]
, [ 1 , 8 , 123 ~ 4 , 8 , 123 ]
, [ 4 , 2 , 124 ~ 4 , 3 , 124 ]
, [ 2 , 2 , 124 ~ 3 , 2 , 124 ]
, [ 8 , 2 , 116 ~ 8 , 2 , 118 ]
, [ 4 , 4 , 121 ~ 5 , 4 , 121 ]
, [ 2 , 2 , 124 ~ 3 , 2 , 124 ]
, [ 2 , 1 , 125 ~ 2 , 2 , 125 ]
, [ 8 , 5 , 123 ~ 8 , 7 , 123 ]
, [ 3 , 6 , 122 ~ 3 , 9 , 122 ]
, [ 5 , 4 , 122 ~ 5 , 6 , 122 ]
, [ 8 , 5 , 123 ~ 8 , 7 , 123 ]
, [ 5 , 2 , 125 ~ 5 , 2 , 127 ]
, [ 6 , 2 , 124 ~ 6 , 2 , 126 ]
, [ 7 , 2 , 119 ~ 9 , 2 , 119 ]
, [ 3 , 1 , 125 ~ 3 , 2 , 125 ]
, [ 7 , 0 , 117 ~ 7 , 0 , 119 ]
, [ 5 , 4 , 122 ~ 5 , 6 , 122 ]
, [ 8 , 3 , 124 ~ 8 , 5 , 124 ]
, [ 5 , 4 , 122 ~ 5 , 6 , 122 ]
, [ 1 , 2 , 126 ~ 2 , 2 , 126 ]
, [ 8 , 8 , 122 ~ 8 , 8 , 125 ]
, [ 1 , 2 , 126 ~ 2 , 2 , 126 , 3 , 0 , 126 ~ 3 , 2 , 126 ]
, [ 6 , 0 , 127 ~ 6 , 2 , 127 ]
, [ 4 , 6 , 123 ~ 6 , 6 , 123 ]
, [ 1 , 6 , 123 ~ 3 , 6 , 123 ]
, [ 4 , 4 , 123 ~ 7 , 4 , 123 ]
, [ 9 , 1 , 120 ~ 9 , 3 , 120 , 7 , 0 , 120 ~ 7 , 1 , 120 ]
, [ 9 , 1 , 120 ~ 9 , 3 , 120 ]
, [ 3 , 0 , 126 ~ 3 , 2 , 126 ]
, [ 9 , 2 , 121 ~ 9 , 5 , 121 ]
, [ 1 , 5 , 124 ~ 1 , 7 , 124 ]
, [ 6 , 3 , 124 ~ 6 , 5 , 124 ]
, [ 8 , 7 , 126 ~ 8 , 9 , 126 ]
, [ 3 , 0 , 126 ~ 3 , 2 , 126 ]
, [ 8 , 7 , 126 ~ 8 , 9 , 126 ]
, [ 2 , 2 , 127 ~ 4 , 2 , 127 ]
, [ 2
  , 2
  , 127 ~ 4
  , 2
  , 127
  , 2
  , 1
  , 127 ~ 5
  , 1
  , 127
  , 3
  , 0
  , 127 ~ 5
  , 0
  , 127
  ]
, [ 7 , 7 , 127 ~ 8 , 7 , 127 ]
, [ 6 , 3 , 124 ~ 6 , 5 , 124 ]
, [ 4 , 6 , 123 ~ 6 , 6 , 123 ]
, [ 8 , 7 , 126 ~ 8 , 9 , 126 ]
, [ 5 , 6 , 124 ~ 5 , 9 , 124 ]
, [ 4 , 0 , 128 ~ 4 , 2 , 128 ]
, [ 5 , 3 , 125 ~ 6 , 3 , 125 ]
, [ 3 , 0 , 127 ~ 5 , 0 , 127 ]
, [ 6 , 9 , 127 ~ 8 , 9 , 127 ]
, [ 9 , 3 , 122 ~ 9 , 6 , 122 ]
, [ 1 , 2 , 127 ~ 1 , 2 , 129 ]
, [ 9 , 3 , 122 ~ 9 , 6 , 122 ]
, [ 5 , 6 , 124 ~ 5 , 9 , 124 ]
, [ 7 , 7 , 128 ~ 9 , 7 , 128 , 6 , 7 , 128 ~ 6 , 9 , 128 ]
, [ 2 , 0 , 128 ~ 3 , 0 , 128 ]
, [ 3 , 6 , 125 ~ 5 , 6 , 125 ]
, [ 5 , 2 , 128 ~ 5 , 2 , 130 ]
, [ 3 , 6 , 125 ~ 5 , 6 , 125 ]
, [ 3 , 7 , 125 ~ 5 , 7 , 125 ]
, [ 3 , 4 , 126 ~ 3 , 6 , 126 ]
, [ 6 , 7 , 128 ~ 6 , 9 , 128 ]
, [ 3 , 7 , 125 ~ 5 , 7 , 125 , 3 , 6 , 125 ~ 5 , 6 , 125 ]
, [ 5 , 6 , 126 ~ 8 , 6 , 126 ]
, [ 6 , 6 , 127 ~ 7 , 6 , 127 ]
, [ 3 , 5 , 127 ~ 3 , 6 , 127 ]
, [ 5 , 2 , 131 ~ 5 , 5 , 131 ]
, [ 3 , 9 , 129 ~ 6 , 9 , 129 ]
, [ 6 , 7 , 129 ~ 9 , 7 , 129 ]
, [ 1 , 2 , 130 ~ 1 , 2 , 133 ]
, [ 4 , 6 , 128 ~ 6 , 6 , 128 ]
, [ 4 , 6 , 126 ~ 4 , 8 , 126 ]
, [ 1 , 1 , 134 ~ 1 , 3 , 134 ]
, [ 8 , 6 , 130 ~ 8 , 8 , 130 ]
, [ 2 , 6 , 129 ~ 4 , 6 , 129 ]
, [ 0 , 5 , 128 ~ 3 , 5 , 128 ]
, [ 1 , 2 , 135 ~ 1 , 5 , 135 ]
, [ 1 , 8 , 127 ~ 4 , 8 , 127 ]
, [ 5 , 0 , 132 ~ 5 , 3 , 132 ]
, [ 2 , 6 , 129 ~ 4 , 6 , 129 ]
, [ 1 , 2 , 135 ~ 1 , 5 , 135 ]
, [ 5 , 0 , 132 ~ 5 , 3 , 132 ]
, [ 8 , 8 , 131 ~ 9 , 8 , 131 ]
, [ 1 , 1 , 136 ~ 1 , 4 , 136 , 1 , 5 , 136 ~ 1 , 7 , 136 ]
, [ 2 , 5 , 130 ~ 2 , 6 , 130 , 4 , 5 , 130 ~ 4 , 7 , 130 ]
, [ 4 , 5 , 130 ~ 4 , 7 , 130 ]
, [ 0 , 4 , 129 ~ 0 , 6 , 129 ]
, [ 8 , 6 , 132 ~ 8 , 9 , 132 ]
, [ 2 , 5 , 130 ~ 2 , 6 , 130 ]
, [ 1 , 1 , 136 ~ 1 , 4 , 136 ]
, [ 8 , 6 , 132 ~ 8 , 9 , 132 ]
, [ 5 , 2 , 133 ~ 8 , 2 , 133 ]
, [ 1 , 4 , 137 ~ 1 , 8 , 137 ]
, [ 5 , 2 , 133 ~ 8 , 2 , 133 ]
, [ 2 , 0 , 133 ~ 5 , 0 , 133 ]
, [ 2 , 6 , 131 ~ 5 , 6 , 131 , 2 , 5 , 131 ~ 3 , 5 , 131 ]
, [ 6 , 0 , 134 ~ 6 , 3 , 134 ]
, [ 0 , 2 , 130 ~ 0 , 4 , 130 ]
, [ 7 , 9 , 133 ~ 9 , 9 , 133 ]
, [ 2 , 6 , 131 ~ 5 , 6 , 131 ]
, [ 1 , 7 , 138 ~ 1 , 9 , 138 ]
, [ 1 , 4 , 137 ~ 1 , 8 , 137 , 1 , 1 , 137 ~ 1 , 3 , 137 ]
, [ 4 , 7 , 131 ~ 4 , 7 , 132 , 2 , 5 , 132 ~ 2 , 7 , 132 ]
, [ 1 , 6 , 139 ~ 1 , 8 , 139 ]
, [ 8 , 5 , 133 ~ 8 , 6 , 133 ]
, [ 6 , 0 , 134 ~ 6 , 3 , 134 ]
, [ 6 , 0 , 134 ~ 6 , 3 , 134 ]
, [ 8 , 2 , 134 ~ 8 , 4 , 134 ]
, [ 1 , 7 , 138 ~ 1 , 9 , 138 ]
, [ 2 , 6 , 131 ~ 5 , 6 , 131 , 2 , 5 , 131 ~ 3 , 5 , 131 ]
, [ 7 , 9 , 133 ~ 9 , 9 , 133 ]
, [ 2 , 0 , 134 ~ 3 , 0 , 134 ]
, [ 1 , 9 , 139 ~ 4 , 9 , 139 ]
, [ 4 , 1 , 135 ~ 7 , 1 , 135 ]
, [ 5 , 6 , 132 ~ 5 , 8 , 132 ]
, [ 0 , 4 , 131 ~ 0 , 7 , 131 ]
, [ 2 , 5 , 132 ~ 2 , 7 , 132 , 3 , 3 , 132 ~ 3 , 6 , 132 ]
, [ 8 , 2 , 135 ~ 8 , 4 , 135 ]
, [ 7 , 1 , 136 ~ 9 , 1 , 136 ]
, [ 7 , 1 , 136 ~ 9 , 1 , 136 , 7 , 2 , 136 ~ 9 , 2 , 136 ]
, [ 5 , 0 , 132 ~ 5 , 3 , 132 , 3 , 3 , 132 ~ 3 , 6 , 132 ]
, [ 2 , 7 , 133 ~ 4 , 7 , 133 ]
, [ 4 , 1 , 137 ~ 7 , 1 , 137 ]
, [ 2 , 5 , 133 ~ 5 , 5 , 133 ]
, [ 8 , 8 , 134 ~ 8 , 9 , 134 ]
, [ 0 , 3 , 132 ~ 0 , 5 , 132 ]
, [ 4 , 7 , 134 ~ 5 , 7 , 134 ]
, [ 1 , 1 , 137 ~ 1 , 3 , 137 ]
, [ 7 , 2 , 136 ~ 9 , 2 , 136 ]
, [ 2 , 9 , 140 ~ 2 , 9 , 143 ]
, [ 7 , 1 , 136 ~ 9 , 1 , 136 , 7 , 2 , 136 ~ 9 , 2 , 136 ]
, [ 0 , 1 , 133 ~ 0 , 4 , 133 ]
, [ 2 , 5 , 133 ~ 5 , 5 , 133 ]
, [ 4 , 1 , 137 ~ 7 , 1 , 137 , 7 , 2 , 137 ~ 7 , 5 , 137 ]
, [ 3 , 3 , 133 ~ 5 , 3 , 133 ]
, [ 2 , 4 , 134 ~ 2 , 6 , 134 ]
, [ 1 , 9 , 144 ~ 3 , 9 , 144 ]
, [ 4 , 5 , 134 ~ 6 , 5 , 134 ]
, [ 7 , 2 , 137 ~ 7 , 5 , 137 ]
, [ 1 , 2 , 138 ~ 1 , 4 , 138 ]
, [ 1 , 2 , 138 ~ 1 , 4 , 138 ]
, [ 1 , 2 , 138 ~ 1 , 4 , 138 ]
, [ 4 , 2 , 134 ~ 4 , 4 , 134 ]
, [ 7 , 8 , 135 ~ 9 , 8 , 135 ]
, [ 4 , 1 , 137 ~ 7 , 1 , 137 ]
, [ 1 , 4 , 139 ~ 3 , 4 , 139 ]
, [ 1 , 4 , 139 ~ 3 , 4 , 139 ]
, [ 7 , 2 , 137 ~ 7 , 5 , 137 ]
, [ 2 , 6 , 135 ~ 4 , 6 , 135 ]
, [ 2 , 6 , 135 ~ 4 , 6 , 135 ]
, [ 3 , 6 , 136 ~ 3 , 8 , 136 ]
, [ 4 , 6 , 136 ~ 7 , 6 , 136 ]
, [ 1 , 4 , 140 ~ 1 , 4 , 141 ]
, [ 4 , 5 , 135 ~ 4 , 5 , 136 ]
, [ 6 , 3 , 138 ~ 8 , 3 , 138 ]
, [ 1 , 6 , 139 ~ 1 , 8 , 139 ]
, [ 3 , 2 , 140 ~ 3 , 4 , 140 ]
, [ 6 , 3 , 139 ~ 8 , 3 , 139 ]
, [ 0 , 7 , 140 ~ 1 , 7 , 140 , 0 , 8 , 140 ~ 3 , 8 , 140 ]
, [ 1 , 3 , 142 ~ 1 , 5 , 142 ]
, [ 0 , 7 , 141 ~ 0 , 9 , 141 ]
, [ 1 , 3 , 142 ~ 1 , 5 , 142 , 0 , 4 , 142 ~ 0 , 7 , 142 ]
, [ 0 , 8 , 140 ~ 3 , 8 , 140 ]
, [ 6 , 3 , 139 ~ 8 , 3 , 139 ]
, [ 0 , 4 , 142 ~ 0 , 7 , 142 ]
, [ 0 , 7 , 140 ~ 1 , 7 , 140 , 0 , 8 , 140 ~ 3 , 8 , 140 ]
, [ 1 , 3 , 142 ~ 1 , 5 , 142 , 0 , 4 , 142 ~ 0 , 7 , 142 ]
, [ 0 , 7 , 143 ~ 0 , 9 , 143 ]
, [ 0 , 3 , 143 ~ 1 , 3 , 143 ]
, [ 7 , 3 , 140 ~ 7 , 5 , 140 ]
, [ 7 , 0 , 141 ~ 7 , 3 , 141 ]
, [ 0 , 4 , 142 ~ 0 , 7 , 142 ]
, [ 7 , 3 , 140 ~ 7 , 5 , 140 ]
, [ 7 , 0 , 141 ~ 7 , 3 , 141 ]
, [ 7 , 2 , 142 ~ 7 , 3 , 142 ]
, [ 4 , 0 , 142 ~ 7 , 0 , 142 ]
, [ 4 , 0 , 142 ~ 7 , 0 , 142 ]
, [ 0 , 6 , 143 ~ 2 , 6 , 143 ]
, [ 7 , 5 , 141 ~ 7 , 7 , 141 ]
, [ 4 , 0 , 143 ~ 6 , 0 , 143 ]
, [ 5 , 7 , 142 ~ 7 , 7 , 142 ]
, [ 7 , 1 , 143 ~ 7 , 2 , 143 ]
, [ 5 , 7 , 142 ~ 7 , 7 , 142 ]
, [ 4 , 0 , 143 ~ 6 , 0 , 143 ]
, [ 2 , 3 , 144 ~ 2 , 6 , 144 ]
, [ 2 , 3 , 144 ~ 2 , 6 , 144 ]
, [ 5 , 4 , 143 ~ 5 , 7 , 143 ]
, [ 7 , 6 , 143 ~ 7 , 7 , 143 ]
, [ 7 , 6 , 143 ~ 7 , 7 , 143 ]
, [ 4 , 0 , 144 ~ 4 , 3 , 144 ]
, [ 7 , 4 , 144 ~ 7 , 6 , 144 ]
, [ 6 , 4 , 145 ~ 9 , 4 , 145 ]
, [ 6 , 7 , 144 ~ 7 , 7 , 144 ]
, [ 6 , 4 , 145 ~ 9 , 4 , 145 ]
, [ 6 , 4 , 145 ~ 9 , 4 , 145 ]
, [ 6 , 4 , 146 ~ 6 , 7 , 146 ]
, [ 6 , 4 , 145 ~ 9 , 4 , 145 ]
, [ 6 , 4 , 147 ~ 6 , 6 , 147 ]
, [ 7 , 7 , 145 ~ 9 , 7 , 145 ]
, [ 6 , 4 , 147 ~ 6 , 6 , 147 ]
, [ 6 , 4 , 147 ~ 6 , 6 , 147 ]
, [ 6 , 4 , 146 ~ 6 , 7 , 146 ]
, [ 7 , 7 , 146 ~ 9 , 7 , 146 ]
, [ 4 , 6 , 148 ~ 7 , 6 , 148 ]
, [ 4 , 6 , 148 ~ 7 , 6 , 148 ]
, [ 8 , 1 , 146 ~ 8 , 4 , 146 ]
, [ 6 , 7 , 147 ~ 6 , 8 , 147 ]
, [ 3 , 5 , 148 ~ 6 , 5 , 148 ]
, [ 4 , 6 , 148 ~ 7 , 6 , 148 ]
, [ 6 , 3 , 147 ~ 8 , 3 , 147 ]
, [ 4 , 8 , 148 ~ 6 , 8 , 148 ]
, [ 7
  , 4
  , 146 ~ 7
  , 4
  , 148
  , 5
  , 4
  , 148 ~ 6
  , 4
  , 148
  , 8
  , 3
  , 148 ~ 8
  , 4
  , 148
  ]
, [ 6 , 3 , 147 ~ 8 , 3 , 147 ]
, [ 6 , 6 , 149 ~ 6 , 6 , 151 ]
, [ 6 , 4 , 149 ~ 9 , 4 , 149 ]
, [ 3 , 6 , 152 ~ 6 , 6 , 152 ]
, [ 5 , 3 , 148 ~ 6 , 3 , 148 ]
, [ 3 , 6 , 152 ~ 6 , 6 , 152 ]
, [ 6 , 4 , 153 ~ 6 , 6 , 153 ]
, [ 3 , 5 , 153 ~ 3 , 8 , 153 ]
, [ 8 , 4 , 150 ~ 8 , 7 , 150 ]
, [ 3 , 5 , 153 ~ 3 , 8 , 153 ]
, [ 5 , 0 , 149 ~ 5 , 3 , 149 ]
, [ 3 , 5 , 154 ~ 5 , 5 , 154 ]
, [ 3 , 5 , 154 ~ 5 , 5 , 154 ]
, [ 1 , 7 , 154 ~ 4 , 7 , 154 ]
, [ 3 , 5 , 154 ~ 5 , 5 , 154 ]
, [ 1 , 7 , 154 ~ 4 , 7 , 154 ]
, [ 2 , 5 , 155 ~ 3 , 5 , 155 ]
, [ 8 , 2 , 151 ~ 8 , 4 , 151 ]
, [ 5 , 5 , 155 ~ 5 , 8 , 155 ]
, [ 4 , 2 , 150 ~ 6 , 2 , 150 ]
, [ 0 , 5 , 156 ~ 3 , 5 , 156 ]
, [ 3 , 6 , 155 ~ 3 , 8 , 155 ]
, [ 5 , 2 , 151 ~ 7 , 2 , 151 ]
, [ 1 , 8 , 156 ~ 3 , 8 , 156 ]
]